{
 "cells": [
  {
   "cell_type": "code",
   "execution_count": 2,
   "metadata": {},
   "outputs": [
    {
     "name": "stdout",
     "output_type": "stream",
     "text": [
      "/Users/kirillivanov/soft/pyroot/lib\n"
     ]
    },
    {
     "name": "stdout",
     "output_type": "stream",
     "text": [
      "Welcome to JupyROOT 6.12/06\n/Users/kirillivanov/Documents/ФОПФ+/База Данилов/ROOT/4 сем/code\n"
     ]
    }
   ],
   "source": [
    "%cd /Users/kirillivanov/soft/pyroot/lib/\n",
    "import ROOT\n",
    "%cd /Users/kirillivanov/Documents/ФОПФ+/База Данилов/ROOT/4 сем/code"
   ]
  },
  {
   "cell_type": "code",
   "execution_count": 3,
   "metadata": {},
   "outputs": [
    {
     "name": "stdout",
     "output_type": "stream",
     "text": [
      "Adding chain done 1 files \n"
     ]
    }
   ],
   "source": [
    "import glob\n",
    "\n",
    "ch = ROOT.TChain(\"mytree\")\n",
    "MyFileNames12 = glob.glob('../data/data.root')\n",
    "for fName in MyFileNames12:\n",
    "    ch.Add(fName)\n",
    "\n",
    "print(\"Adding chain done\", ch.GetNtrees(), 'files ')"
   ]
  },
  {
   "cell_type": "code",
   "execution_count": 19,
   "metadata": {},
   "outputs": [
    {
     "name": "stderr",
     "output_type": "stream",
     "text": [
      "Warning in <TROOT::Append>: Replacing existing TH1: hBmas1 (Potential memory leak).\nWarning in <TROOT::Append>: Replacing existing TH1: hBmas2 (Potential memory leak).\nWarning in <TROOT::Append>: Replacing existing TH1: hBmas3 (Potential memory leak).\nWarning in <TROOT::Append>: Replacing existing TH1: hBmas4 (Potential memory leak).\nWarning in <TROOT::Append>: Replacing existing TH1: hBmas5 (Potential memory leak).\nWarning in <TROOT::Append>: Replacing existing TH1: hBmas6 (Potential memory leak).\nWarning in <TROOT::Append>: Replacing existing TH1: hBmas7 (Potential memory leak).\n"
     ]
    }
   ],
   "source": [
    "hBmas1 = ROOT.TH1F('hBmas1', 'B_mass', 150, 5.27963 - 0.19, 5.27963 + 0.18)\n",
    "hBmas2 = ROOT.TH1F('hBmas2', 'B_mass', 150, 5.27963 - 0.19, 5.27963 + 0.18)\n",
    "hBmas3 = ROOT.TH1F('hBmas3', 'B_mass', 150, 5.27963 - 0.19, 5.27963 + 0.18)\n",
    "hBmas4 = ROOT.TH1F('hBmas4', 'B_mass', 150, 5.27963 - 0.19, 5.27963 + 0.18)\n",
    "hBmas5 = ROOT.TH1F('hBmas5', 'B_mass', 150, 5.27963 - 0.19, 5.27963 + 0.18)\n",
    "hBmas6 = ROOT.TH1F('hBmas6', 'B_mass', 150, 5.27963 - 0.19, 5.27963 + 0.18)\n",
    "hBmas7 = ROOT.TH1F('hBmas7', 'B_mass', 150, 5.27963 - 0.19, 5.27963 + 0.18)"
   ]
  },
  {
   "cell_type": "code",
   "execution_count": 20,
   "metadata": {},
   "outputs": [],
   "source": [
    "cut_sign = 'B_pvdistsignif2_Cjp > 5'\n",
    "\n",
    "cut_cos = ' && B_pvcos2_Cjp > 0.9995'\n",
    "\n",
    "cut_bpt = [' && B_pt_Cjp > 8', ' && B_pt_Cjp > 10', ' && B_pt_Cjp > 15', ' && B_pt_Cjp > 20', ' && B_pt_Cjp > 25',\n",
    "           ' && B_pt_Cjp > 30', ' && B_pt_Cjp > 35']\n",
    "\n",
    "cuts = []\n",
    "\n",
    "for cut in cut_bpt:\n",
    "    cuts.append(cut_sign + cut_cos + cut)\n"
   ]
  },
  {
   "cell_type": "code",
   "execution_count": 21,
   "metadata": {},
   "outputs": [
    {
     "data": {
      "text/plain": [
       "36519"
      ]
     },
     "execution_count": 21,
     "metadata": {},
     "output_type": "execute_result"
    }
   ],
   "source": [
    "ch.Draw('B_mass_Cjp >> hBmas1', cuts[0])\n",
    "ch.Draw('B_mass_Cjp >> hBmas2', cuts[1])\n",
    "ch.Draw('B_mass_Cjp >> hBmas3', cuts[2])\n",
    "ch.Draw('B_mass_Cjp >> hBmas4', cuts[3])\n",
    "ch.Draw('B_mass_Cjp >> hBmas5', cuts[4])\n",
    "ch.Draw('B_mass_Cjp >> hBmas6', cuts[5])\n",
    "ch.Draw('B_mass_Cjp >> hBmas7', cuts[6])"
   ]
  },
  {
   "cell_type": "code",
   "execution_count": 22,
   "metadata": {},
   "outputs": [],
   "source": [
    "ff = ROOT.TFile(\"../data/B_cut_bpt.root\", \"recreate\")\n",
    "\n",
    "hBmas1.Write()\n",
    "hBmas2.Write()\n",
    "hBmas3.Write()\n",
    "hBmas4.Write()\n",
    "hBmas5.Write()\n",
    "hBmas6.Write()\n",
    "hBmas7.Write()\n",
    "\n",
    "ff.Close()"
   ]
  },
  {
   "cell_type": "code",
   "execution_count": 47,
   "metadata": {},
   "outputs": [],
   "source": [
    "from math import sqrt\n",
    "from array import array\n",
    "\n",
    "f = ROOT.TFile('../data/B_cut_bpt.root', 'read')  # file where to read from\n",
    "\n",
    "signals, signals_err = array('d'), array('d')"
   ]
  },
  {
   "cell_type": "code",
   "execution_count": 48,
   "metadata": {
    "collapsed": true
   },
   "outputs": [
    {
     "name": "stdout",
     "output_type": "stream",
     "text": [
      "Signif = -0.0\n"
     ]
    },
    {
     "name": "stdout",
     "output_type": "stream",
     "text": [
      "Signif = 0.0020980141368151647\n"
     ]
    },
    {
     "name": "stdout",
     "output_type": "stream",
     "text": [
      "Signif = -0.0\n"
     ]
    },
    {
     "name": "stdout",
     "output_type": "stream",
     "text": [
      "Signif = 0.007854720116504465\n"
     ]
    },
    {
     "name": "stdout",
     "output_type": "stream",
     "text": [
      "Signif = 0.0037968178409230596\nSignif = 0.004641168324135559\n"
     ]
    },
    {
     "name": "stdout",
     "output_type": "stream",
     "text": [
      "Signif = 0.005741695996093867\n **********\n **    1 **SET PRINT           1\n **********\n **********\n **    2 **SET NOGRAD\n **********\n PARAMETER DEFINITIONS:\n    NO.   NAME         VALUE      STEP SIZE      LIMITS\n     1 B            2.33167e+04  2.60198e+02    1.00000e+00  9.00000e+08\n MINUIT WARNING IN PARAM DEF\n ============== LIMITS ON PARAM1 TOO FAR APART.\n PARAMETER DEFINITIONS:\n    NO.   NAME         VALUE      STEP SIZE      LIMITS\n     2 B_1          6.07014e-01  5.85286e-03    0.00000e+00  1.00000e+00\n     3 B_2          2.13750e-11  6.88050e-04    0.00000e+00  1.00000e+00\n MINUIT WARNING IN PARAMETR\n ============== VARIABLE3 IS AT ITS LOWER ALLOWED LIMIT.\n MINUIT WARNING IN PARAMETR\n ============== VARIABLE3 BROUGHT BACK INSIDE LIMITS.\n     4 B_3          1.48895e-07  1.70111e-02    0.00000e+00  1.00000e+00\n MINUIT WARNING IN PARAMETR\n ============== VARIABLE4 BROUGHT BACK INSIDE LIMITS.\n     5 B_4          3.31135e-01  8.59326e-03    0.00000e+00  1.00000e+00\n     6 S            1.12869e+05  3.96553e+02    4.00000e+00  9.00000e+05\n     7 S1_mean      5.27843e+00  6.37386e-05    5.17963e+00  5.37963e+00\n     8 S1_sigma     1.64921e-02  5.92931e-05    1.00000e-03  5.00000e-02\n     9 S2_frac      2.00000e-01  1.00000e-01    0.00000e+00  1.00000e+00\n    10 S2_sigma     4.01114e-02  4.83474e-04    7.00000e-03  8.00000e-02\n **********\n **    3 **SET ERR         0.5\n **********\n **********\n **    4 **SET PRINT           1\n **********\n **********\n **    5 **SET STR           1\n **********\n NOW USING STRATEGY  1: TRY TO BALANCE SPEED AGAINST RELIABILITY\n **********\n **    6 **MIGRAD        5000           1\n **********\n FIRST CALL TO USER FUNCTION AT NEW START POINT, WITH IFLAG=4.\n MINUIT WARNING IN MIGrad    \n ============== VARIABLE3 IS AT ITS LOWER ALLOWED LIMIT.\n START MIGRAD MINIMIZATION.  STRATEGY  1.  CONVERGENCE WHEN EDM .LT. 1.00e-03\n FCN=-1.73284e+06 FROM MIGRAD    STATUS=INITIATE       30 CALLS          31 TOTAL\n                     EDM= unknown      STRATEGY= 1      NO ERROR MATRIX       \n  EXT PARAMETER               CURRENT GUESS       STEP         FIRST   \n  NO.   NAME      VALUE            ERROR          SIZE      DERIVATIVE \n   1  B            2.33167e+04   2.60198e+02   5.68030e-05  -6.91473e+01\n   2  B_1          6.07014e-01   5.85286e-03   1.19837e-02   3.32754e-01\n   3  B_2          9.53674e-07   6.88050e-04   2.52753e-02   7.81039e-01\n   4  B_3          1.48895e-07   1.70111e-02   1.31005e-01** at limit **\n   5  B_4          3.31135e-01   8.59326e-03   1.82608e-02   1.13478e+00\n   6  S            1.12869e+05   3.96553e+02   1.33045e-03   7.40630e-01\n   7  S1_mean      5.27843e+00   6.37386e-05   6.37432e-04  -4.26241e-01\n   8  S1_sigma     1.64921e-02   5.92931e-05   2.60241e-03   3.16497e-01\n   9  S2_frac      2.00000e-01   1.00000e-01   2.57889e-01  -1.01836e+03\n  10  S2_sigma     4.01114e-02   4.83474e-04   1.33037e-02  -4.40262e-02\n                               ERR DEF= 0.5\n MIGRAD MINIMIZATION HAS CONVERGED.\n FCN=-1.73302e+06 FROM MIGRAD    STATUS=CONVERGED     287 CALLS         288 TOTAL\n                     EDM=6.64933e-05    STRATEGY= 1  ERROR MATRIX UNCERTAINTY   2.0 per cent\n  EXT PARAMETER                                   STEP         FIRST   \n  NO.   NAME      VALUE            ERROR          SIZE      DERIVATIVE \n   1  B            2.37409e+04   2.39708e+02  -1.96120e-07   2.03497e+01\n   2  B_1          6.02154e-01   4.95265e-03   9.28328e-06   8.49813e-01\n   3  B_2          2.99715e-11   6.53447e-04  -4.03441e-07** at limit **\n   4  B_3          1.51128e-09   1.22822e-03   4.74842e-05** at limit **\n   5  B_4          3.36663e-01   7.59970e-03  -4.48282e-05   3.36966e-01\n   6  S            1.12443e+05   3.77367e+02   8.91774e-06  -5.25880e+00\n   7  S1_mean      5.27844e+00   6.36652e-05   1.70749e-07  -1.29179e-01\n   8  S1_sigma     1.42837e-02   1.31307e-04   2.76444e-05   1.43241e-01\n   9  S2_frac      3.83049e-01   1.09276e-02  -1.27769e-04   2.10856e-01\n  10  S2_sigma     3.14169e-02   4.61759e-04   9.18580e-05  -2.22000e-01\n                               ERR DEF= 0.5\n EXTERNAL ERROR MATRIX.    NDIM=  25    NPAR= 10    ERR DEF=0.5\n  5.746e+04 -5.311e-01 -4.642e-07 -1.536e-07  9.720e-01 -3.202e+04 -1.342e-03 -8.884e-03  7.929e-01 -5.386e-02 \n -5.311e-01  2.453e-05  2.570e-12  4.879e-10 -3.226e-05  5.072e-01  4.797e-08  1.555e-07 -1.343e-05  8.523e-07 \n -4.642e-07  2.570e-12  7.836e-14 -4.208e-15 -1.030e-11 -1.400e-06  4.102e-15  2.527e-13 -2.150e-11  1.589e-12 \n -1.536e-07  4.879e-10 -4.208e-15  7.428e-12 -4.304e-10  4.324e-06  1.101e-12  4.050e-13 -5.580e-10  1.418e-11 \n  9.720e-01 -3.226e-05 -1.030e-11 -4.304e-10  5.776e-05 -8.972e-01 -7.075e-08 -2.682e-07  2.248e-05 -1.439e-06 \n -3.202e+04  5.072e-01 -1.400e-06  4.324e-06 -8.972e-01  1.424e+05  1.224e-03  1.175e-02 -1.000e+00  5.850e-02 \n -1.342e-03  4.797e-08  4.102e-15  1.101e-12 -7.075e-08  1.224e-03  4.053e-09  3.439e-10 -2.718e-08  1.919e-09 \n -8.884e-03  1.555e-07  2.527e-13  4.050e-13 -2.682e-07  1.175e-02  3.439e-10  1.724e-08 -1.259e-06  4.619e-08 \n  7.929e-01 -1.343e-05 -2.150e-11 -5.580e-10  2.248e-05 -1.000e+00 -2.718e-08 -1.259e-06  1.194e-04 -4.503e-06 \n -5.386e-02  8.523e-07  1.589e-12  1.418e-11 -1.439e-06  5.850e-02  1.919e-09  4.619e-08 -4.503e-06  2.132e-07 \n PARAMETER  CORRELATION COEFFICIENTS  \n       NO.  GLOBAL      1      2      3      4      5      6      7      8      9     10\n        1  0.65663   1.000 -0.447 -0.007 -0.000  0.534 -0.354 -0.088 -0.282  0.303 -0.487\n        2  0.85830  -0.447  1.000  0.002  0.036 -0.857  0.271  0.152  0.239 -0.248  0.373\n        3  0.02634  -0.007  0.002  1.000 -0.006 -0.005 -0.013  0.000  0.007 -0.007  0.012\n        4  0.06013  -0.000  0.036 -0.006  1.000 -0.021  0.004  0.006  0.001 -0.019  0.011\n        5  0.87536   0.534 -0.857 -0.005 -0.021  1.000 -0.313 -0.146 -0.269  0.271 -0.410\n        6  0.42122  -0.354  0.271 -0.013  0.004 -0.313  1.000  0.051  0.237 -0.243  0.336\n        7  0.15617  -0.088  0.152  0.000  0.006 -0.146  0.051  1.000  0.041 -0.039  0.065\n        8  0.88106  -0.282  0.239  0.007  0.001 -0.269  0.237  0.041  1.000 -0.877  0.762\n        9  0.94997   0.303 -0.248 -0.007 -0.019  0.271 -0.243 -0.039 -0.877  1.000 -0.892\n       10  0.92685  -0.487  0.373  0.012  0.011 -0.410  0.336  0.065  0.762 -0.892  1.000\n **********\n **    7 **SET ERR         0.5\n **********\n **********\n **    8 **SET PRINT           1\n **********\n **********\n **    9 **HESSE        5000\n **********\n COVARIANCE MATRIX CALCULATED SUCCESSFULLY\n FCN=-1.73302e+06 FROM HESSE     STATUS=OK            102 CALLS         390 TOTAL\n                     EDM=0.000393702    STRATEGY= 1      ERROR MATRIX ACCURATE \n  EXT PARAMETER                                INTERNAL      INTERNAL  \n  NO.   NAME      VALUE            ERROR       STEP SIZE       VALUE   \n   1  B            2.37409e+04   2.56476e+02   3.51288e-05  -1.56052e+00\n   2  B_1          6.02154e-01   6.13275e-03   4.76190e-03   2.05757e-01\n   3  B_2          2.99715e-11   6.06877e-04   4.39077e-02  -1.57079e+00\n                                 WARNING -   - ABOVE PARAMETER IS AT LIMIT.\n   4  B_3          1.51128e-09   2.29734e-03   7.35173e-02  -1.57087e+00\n                                 WARNING -   - ABOVE PARAMETER IS AT LIMIT.\n   5  B_4          3.36663e-01   9.18206e-03   7.00772e-03  -3.32783e-01\n   6  S            1.12443e+05   3.93034e+02   1.05320e-03  -8.48264e-01\n   7  S1_mean      5.27844e+00   6.33975e-05   5.65678e-04  -1.19490e-02\n   8  S1_sigma     1.42837e-02   1.45386e-04   2.66554e-03  -4.75528e-01\n   9  S2_frac      3.83049e-01   1.19102e-02   6.60269e-03  -2.36090e-01\n  10  S2_sigma     3.14169e-02   4.94167e-04   4.72730e-03  -3.37409e-01\n                               ERR DEF= 0.5\n EXTERNAL ERROR MATRIX.    NDIM=  25    NPAR= 10    ERR DEF=0.5\n  6.578e+04 -8.971e-01  2.401e-06  8.662e-05  1.412e+00 -4.203e+04 -1.947e-03 -1.135e-02  1.031e+00 -7.020e-02 \n -8.971e-01  3.761e-05 -1.367e-10 -2.887e-09 -4.931e-05  8.967e-01  7.209e-08  2.226e-07 -1.981e-05  1.390e-06 \n  2.401e-06 -1.367e-10  7.277e-14  2.633e-16  5.732e-12 -2.399e-06  5.082e-14 -4.356e-13  3.623e-11 -3.016e-12 \n  8.662e-05 -2.887e-09  2.633e-16  1.390e-11 -3.862e-09 -8.651e-05  1.475e-12 -9.211e-12  5.943e-10 -7.470e-11 \n  1.412e+00 -4.931e-05  5.732e-12 -3.862e-09  8.432e-05 -1.411e+00 -1.065e-07 -3.459e-07  3.076e-05 -2.174e-06 \n -4.203e+04  8.967e-01 -2.399e-06 -8.651e-05 -1.411e+00  1.545e+05  1.947e-03  1.136e-02 -1.032e+00  7.026e-02 \n -1.947e-03  7.209e-08  5.082e-14  1.475e-12 -1.065e-07  1.947e-03  4.019e-09  4.503e-10 -3.875e-08  2.933e-09 \n -1.135e-02  2.226e-07 -4.356e-13 -9.211e-12 -3.459e-07  1.136e-02  4.503e-10  2.114e-08 -1.548e-06  5.433e-08 \n  1.031e+00 -1.981e-05  3.623e-11  5.943e-10  3.076e-05 -1.032e+00 -3.875e-08 -1.548e-06  1.419e-04 -5.177e-06 \n -7.020e-02  1.390e-06 -3.016e-12 -7.470e-11 -2.174e-06  7.026e-02  2.933e-09  5.433e-08 -5.177e-06  2.442e-07 \n PARAMETER  CORRELATION COEFFICIENTS  \n       NO.  GLOBAL      1      2      3      4      5      6      7      8      9     10\n        1  0.71761   1.000 -0.570  0.035  0.091  0.599 -0.417 -0.120 -0.304  0.337 -0.554\n        2  0.90840  -0.570  1.000 -0.083 -0.126 -0.876  0.372  0.185  0.250 -0.271  0.459\n        3  0.19346   0.035 -0.083  1.000  0.000  0.002 -0.023  0.003 -0.011  0.011 -0.023\n        4  0.51142   0.091 -0.126  0.000  1.000 -0.113 -0.059  0.006 -0.017  0.013 -0.041\n        5  0.91791   0.599 -0.876  0.002 -0.113  1.000 -0.391 -0.183 -0.259  0.281 -0.479\n        6  0.48014  -0.417  0.372 -0.023 -0.059 -0.391  1.000  0.078  0.199 -0.220  0.362\n        7  0.19159  -0.120  0.185  0.003  0.006 -0.183  0.078  1.000  0.049 -0.051  0.094\n        8  0.89836  -0.304  0.250 -0.011 -0.017 -0.259  0.199  0.049  1.000 -0.894  0.756\n        9  0.95506   0.337 -0.271  0.011  0.013  0.281 -0.220 -0.051 -0.894  1.000 -0.880\n       10  0.93198  -0.554  0.459 -0.023 -0.041 -0.479  0.362  0.094  0.756 -0.880  1.000\n **********\n **    1 **SET PRINT           1\n **********\n **********\n **    2 **SET NOGRAD\n **********\n PARAMETER DEFINITIONS:\n    NO.   NAME         VALUE      STEP SIZE      LIMITS\n     1 B            2.32171e+04  9.49544e+01    1.00000e+00  9.00000e+08\n MINUIT WARNING IN PARAM DEF\n ============== LIMITS ON PARAM1 TOO FAR APART.\n PARAMETER DEFINITIONS:\n    NO.   NAME         VALUE      STEP SIZE      LIMITS\n     2 B_1          6.07370e-01  1.34963e-02    0.00000e+00  1.00000e+00\n     3 B_2          1.23079e-09  1.84905e-04    0.00000e+00  1.00000e+00\n MINUIT WARNING IN PARAMETR\n ============== VARIABLE3 IS AT ITS LOWER ALLOWED LIMIT.\n MINUIT WARNING IN PARAMETR\n ============== VARIABLE3 BROUGHT BACK INSIDE LIMITS.\n     4 B_3          4.26223e-08  7.60896e-03    0.00000e+00  1.00000e+00\n MINUIT WARNING IN PARAMETR\n ============== VARIABLE4 BROUGHT BACK INSIDE LIMITS.\n     5 B_4          3.30858e-01  2.75290e-02    0.00000e+00  1.00000e+00\n     6 S            1.12677e+05  1.81103e+02    4.00000e+00  9.00000e+05\n     7 S1_mean      5.27843e+00  3.28273e-05    5.17963e+00  5.37963e+00\n     8 S1_sigma     1.64830e-02  3.01583e-05    1.00000e-03  5.00000e-02\n     9 S2_frac      2.00000e-01  1.00000e-01    0.00000e+00  1.00000e+00\n    10 S2_sigma     4.00076e-02  1.90574e-04    7.00000e-03  8.00000e-02\n **********\n **    3 **SET ERR         0.5\n **********\n **********\n **    4 **SET PRINT           1\n **********\n **********\n **    5 **SET STR           1\n **********\n NOW USING STRATEGY  1: TRY TO BALANCE SPEED AGAINST RELIABILITY\n **********\n **    6 **MIGRAD        5000           1\n **********\n FIRST CALL TO USER FUNCTION AT NEW START POINT, WITH IFLAG=4.\n MINUIT WARNING IN MIGrad    \n ============== VARIABLE3 IS AT ITS LOWER ALLOWED LIMIT.\n START MIGRAD MINIMIZATION.  STRATEGY  1.  CONVERGENCE WHEN EDM .LT. 1.00e-03\n FCN=-1.72907e+06 FROM MIGRAD    STATUS=INITIATE       42 CALLS          43 TOTAL\n                     EDM= unknown      STRATEGY= 1      NO ERROR MATRIX       \n  EXT PARAMETER               CURRENT GUESS       STEP         FIRST   \n  NO.   NAME      VALUE            ERROR          SIZE      DERIVATIVE \n   1  B            2.32171e+04   9.49544e+01   2.07733e-05  -2.70494e+00\n   2  B_1          6.07370e-01   1.34963e-02   2.76414e-02  -8.39283e-02\n   3  B_2          9.53674e-07   1.84905e-04   1.26569e-02   7.92868e-01\n   4  B_3          4.26223e-08   7.60896e-03   8.79043e-02** at limit **\n   5  B_4          3.30858e-01   2.75290e-02   5.85538e-02   8.66702e-01\n   6  S            1.12677e+05   1.81103e+02   6.08049e-04  -1.74614e-01\n   7  S1_mean      5.27843e+00   3.28273e-05   3.28297e-04   8.78452e-02\n   8  S1_sigma     1.64830e-02   3.01583e-05   1.32388e-03  -3.23478e-01\n   9  S2_frac      2.00000e-01   1.00000e-01   2.57889e-01  -1.01384e+03\n  10  S2_sigma     4.00076e-02   1.90574e-04   5.24528e-03  -2.93950e-01\n                               ERR DEF= 0.5\n MIGRAD MINIMIZATION HAS CONVERGED.\n FCN=-1.72925e+06 FROM MIGRAD    STATUS=CONVERGED     270 CALLS         271 TOTAL\n                     EDM=5.82139e-05    STRATEGY= 1  ERROR MATRIX UNCERTAINTY   2.3 per cent\n  EXT PARAMETER                                   STEP         FIRST   \n  NO.   NAME      VALUE            ERROR          SIZE      DERIVATIVE \n   1  B            2.36368e+04   2.39601e+02  -1.70301e-07   5.28759e+01\n   2  B_1          6.02481e-01   5.00444e-03   1.58361e-05   1.89597e-01\n   3  B_2          5.86915e-10   6.39618e-04  -3.26651e-05** at limit **\n   4  B_3          2.35249e-09   1.45610e-03   1.49574e-04** at limit **\n   5  B_4          3.36428e-01   7.62621e-03  -3.18425e-05  -7.45212e-02\n   6  S            1.12257e+05   3.78145e+02   5.66059e-06  -2.49454e+00\n   7  S1_mean      5.27844e+00   6.36524e-05   3.23042e-07  -4.82056e-01\n   8  S1_sigma     1.42710e-02   1.41332e-04   4.15658e-05  -4.71305e-01\n   9  S2_frac      3.83757e-01   1.17806e-02  -1.76256e-04   4.15743e-01\n  10  S2_sigma     3.13414e-02   4.75256e-04   1.02312e-04   2.40339e-01\n                               ERR DEF= 0.5\n EXTERNAL ERROR MATRIX.    NDIM=  25    NPAR= 10    ERR DEF=0.5\n  5.741e+04 -5.690e-01 -5.562e-06  1.396e-05  9.835e-01 -3.181e+04 -1.362e-03 -9.888e-03  8.808e-01 -5.659e-02 \n -5.690e-01  2.505e-05  6.117e-12 -5.011e-10 -3.245e-05  5.048e-01  4.796e-08  1.709e-07 -1.430e-05  8.810e-07 \n -5.562e-06  6.117e-12  1.502e-12  6.227e-15 -9.353e-11 -3.317e-06  2.019e-16  1.176e-12 -1.044e-10  1.315e-11 \n  1.396e-05 -5.011e-10  6.227e-15  1.371e-11  6.829e-10 -7.412e-05 -9.832e-13 -1.567e-12  5.988e-10 -7.328e-11 \n  9.835e-01 -3.245e-05 -9.353e-11  6.829e-10  5.816e-05 -8.977e-01 -6.966e-08 -2.759e-07  2.285e-05 -1.450e-06 \n -3.181e+04  5.048e-01 -3.317e-06 -7.412e-05 -8.977e-01  1.430e+05  1.150e-03  1.230e-02 -1.005e+00  5.595e-02 \n -1.362e-03  4.796e-08  2.019e-16 -9.832e-13 -6.966e-08  1.150e-03  4.052e-09  3.967e-10 -3.041e-08  1.908e-09 \n -9.888e-03  1.709e-07  1.176e-12 -1.567e-12 -2.759e-07  1.230e-02  3.967e-10  1.997e-08 -1.494e-06  5.287e-08 \n  8.808e-01 -1.430e-05 -1.044e-10  5.988e-10  2.285e-05 -1.005e+00 -3.041e-08 -1.494e-06  1.388e-04 -4.998e-06 \n -5.659e-02  8.810e-07  1.315e-11 -7.328e-11 -1.450e-06  5.595e-02  1.908e-09  5.287e-08 -4.998e-06  2.259e-07 \n PARAMETER  CORRELATION COEFFICIENTS  \n       NO.  GLOBAL      1      2      3      4      5      6      7      8      9     10\n        1  0.66431   1.000 -0.475 -0.019  0.016  0.538 -0.351 -0.089 -0.292  0.312 -0.497\n        2  0.85159  -0.475  1.000  0.001 -0.027 -0.850  0.267  0.151  0.242 -0.243  0.370\n        3  0.04470  -0.019  0.001  1.000  0.001 -0.010 -0.007  0.000  0.007 -0.007  0.023\n        4  0.08523   0.016 -0.027  0.001  1.000  0.024 -0.053 -0.004 -0.003  0.014 -0.042\n        5  0.86679   0.538 -0.850 -0.010  0.024  1.000 -0.311 -0.143 -0.256  0.254 -0.400\n        6  0.41002  -0.351  0.267 -0.007 -0.053 -0.311  1.000  0.048  0.230 -0.226  0.311\n        7  0.15413  -0.089  0.151  0.000 -0.004 -0.143  0.048  1.000  0.044 -0.041  0.063\n        8  0.89940  -0.292  0.242  0.007 -0.003 -0.256  0.230  0.044  1.000 -0.897  0.787\n        9  0.95278   0.312 -0.243 -0.007  0.014  0.254 -0.226 -0.041 -0.897  1.000 -0.893\n       10  0.92690  -0.497  0.370  0.023 -0.042 -0.400  0.311  0.063  0.787 -0.893  1.000\n **********\n **    7 **SET ERR         0.5\n **********\n **********\n **    8 **SET PRINT           1\n **********\n **********\n **    9 **HESSE        5000\n **********\n COVARIANCE MATRIX CALCULATED SUCCESSFULLY\n FCN=-1.72925e+06 FROM HESSE     STATUS=OK            104 CALLS         375 TOTAL\n                     EDM=0.000468009    STRATEGY= 1      ERROR MATRIX ACCURATE \n  EXT PARAMETER                                INTERNAL      INTERNAL  \n  NO.   NAME      VALUE            ERROR       STEP SIZE       VALUE   \n   1  B            2.36368e+04   2.55221e+02   3.50825e-05  -1.56055e+00\n   2  B_1          6.02481e-01   6.13817e-03   4.76544e-03   2.06426e-01\n   3  B_2          5.86915e-10   5.97374e-04   4.35669e-02  -1.57075e+00\n                                 WARNING -   - ABOVE PARAMETER IS AT LIMIT.\n   4  B_3          2.35249e-09   2.24795e-03   7.31797e-02  -1.57089e+00\n                                 WARNING -   - ABOVE PARAMETER IS AT LIMIT.\n   5  B_4          3.36428e-01   9.18605e-03   7.01075e-03  -3.33280e-01\n   6  S            1.12257e+05   3.92112e+02   1.05181e-03  -8.48892e-01\n   7  S1_mean      5.27844e+00   6.33929e-05   5.65046e-04  -1.19196e-02\n   8  S1_sigma     1.42710e-02   1.45585e-04   2.66618e-03  -4.76112e-01\n   9  S2_frac      3.83757e-01   1.19524e-02   6.60824e-03  -2.34632e-01\n  10  S2_sigma     3.13414e-02   4.91830e-04   4.70432e-03  -3.39603e-01\n                               ERR DEF= 0.5\n EXTERNAL ERROR MATRIX.    NDIM=  25    NPAR= 10    ERR DEF=0.5\n  6.514e+04 -8.914e-01  1.028e-05  1.043e-04  1.404e+00 -4.149e+04 -1.935e-03 -1.126e-02  1.026e+00 -6.928e-02 \n -8.914e-01  3.768e-05 -5.907e-10 -3.499e-09 -4.942e-05  8.909e-01  7.210e-08  2.225e-07 -1.989e-05  1.382e-06 \n  1.028e-05 -5.907e-10  1.403e-12  1.305e-15  2.320e-11 -1.028e-05  2.205e-13 -1.869e-12  1.562e-10 -1.289e-11 \n  1.043e-04 -3.499e-09  1.305e-15  2.117e-11 -4.702e-09 -1.042e-04  1.794e-12 -1.112e-11  7.219e-10 -8.983e-11 \n  1.404e+00 -4.942e-05  2.320e-11 -4.702e-09  8.439e-05 -1.403e+00 -1.064e-07 -3.457e-07  3.086e-05 -2.161e-06 \n -4.149e+04  8.909e-01 -1.028e-05 -1.042e-04 -1.403e+00  1.538e+05  1.934e-03  1.127e-02 -1.028e+00  6.934e-02 \n -1.935e-03  7.210e-08  2.205e-13  1.794e-12 -1.064e-07  1.934e-03  4.019e-09  4.538e-10 -3.917e-08  2.924e-09 \n -1.126e-02  2.225e-07 -1.869e-12 -1.112e-11 -3.457e-07  1.127e-02  4.538e-10  2.120e-08 -1.556e-06  5.414e-08 \n  1.026e+00 -1.989e-05  1.562e-10  7.219e-10  3.086e-05 -1.028e+00 -3.917e-08 -1.556e-06  1.429e-04 -5.173e-06 \n -6.928e-02  1.382e-06 -1.289e-11 -8.983e-11 -2.161e-06  6.934e-02  2.924e-09  5.414e-08 -5.173e-06  2.419e-07 \n PARAMETER  CORRELATION COEFFICIENTS  \n       NO.  GLOBAL      1      2      3      4      5      6      7      8      9     10\n        1  0.71593   1.000 -0.569  0.034  0.089  0.599 -0.415 -0.120 -0.303  0.336 -0.552\n        2  0.90825  -0.569  1.000 -0.081 -0.124 -0.876  0.370  0.185  0.249 -0.271  0.458\n        3  0.19054   0.034 -0.081  1.000  0.000  0.002 -0.022  0.003 -0.011  0.011 -0.022\n        4  0.50477   0.089 -0.124  0.000  1.000 -0.111 -0.058  0.006 -0.017  0.013 -0.040\n        5  0.91777   0.599 -0.876  0.002 -0.111  1.000 -0.389 -0.183 -0.259  0.281 -0.478\n        6  0.47788  -0.415  0.370 -0.022 -0.058 -0.389  1.000  0.078  0.197 -0.219  0.360\n        7  0.19137  -0.120  0.185  0.003  0.006 -0.183  0.078  1.000  0.049 -0.052  0.094\n        8  0.89843  -0.303  0.249 -0.011 -0.017 -0.259  0.197  0.049  1.000 -0.894  0.756\n        9  0.95517   0.336 -0.271  0.011  0.013  0.281 -0.219 -0.052 -0.894  1.000 -0.880\n       10  0.93195  -0.552  0.458 -0.022 -0.040 -0.478  0.360  0.094  0.756 -0.880  1.000\n **********\n **    1 **SET PRINT           1\n **********\n **********\n **    2 **SET NOGRAD\n **********\n PARAMETER DEFINITIONS:\n    NO.   NAME         VALUE      STEP SIZE      LIMITS\n     1 B            2.02088e+04  2.13944e+02    1.00000e+00  9.00000e+08\n MINUIT WARNING IN PARAM DEF\n ============== LIMITS ON PARAM1 TOO FAR APART.\n PARAMETER DEFINITIONS:\n    NO.   NAME         VALUE      STEP SIZE      LIMITS\n     2 B_1          6.11406e-01  1.72025e-02    0.00000e+00  1.00000e+00\n     3 B_2          1.51173e-09  4.75004e-04    0.00000e+00  1.00000e+00\n MINUIT WARNING IN PARAMETR\n ============== VARIABLE3 IS AT ITS LOWER ALLOWED LIMIT.\n MINUIT WARNING IN PARAMETR\n ============== VARIABLE3 BROUGHT BACK INSIDE LIMITS.\n     4 B_3          2.00903e-07  4.37932e-02    0.00000e+00  1.00000e+00\n MINUIT WARNING IN PARAMETR\n ============== VARIABLE4 BROUGHT BACK INSIDE LIMITS.\n     5 B_4          3.27112e-01  3.59494e-02    0.00000e+00  1.00000e+00\n     6 S            1.03719e+05  3.18059e+02    4.00000e+00  9.00000e+05\n     7 S1_mean      5.27846e+00  5.56540e-05    5.17963e+00  5.37963e+00\n     8 S1_sigma     1.63761e-02  5.35942e-05    1.00000e-03  5.00000e-02\n     9 S2_frac      2.00000e-01  1.00000e-01    0.00000e+00  1.00000e+00\n    10 S2_sigma     3.92302e-02  3.28222e-04    7.00000e-03  8.00000e-02\n **********\n **    3 **SET ERR         0.5\n **********\n **********\n **    4 **SET PRINT           1\n **********\n **********\n **    5 **SET STR           1\n **********\n NOW USING STRATEGY  1: TRY TO BALANCE SPEED AGAINST RELIABILITY\n **********\n **    6 **MIGRAD        5000           1\n **********\n FIRST CALL TO USER FUNCTION AT NEW START POINT, WITH IFLAG=4.\n MINUIT WARNING IN MIGrad    \n ============== VARIABLE3 IS AT ITS LOWER ALLOWED LIMIT.\n START MIGRAD MINIMIZATION.  STRATEGY  1.  CONVERGENCE WHEN EDM .LT. 1.00e-03\n FCN=-1.56852e+06 FROM MIGRAD    STATUS=INITIATE       40 CALLS          41 TOTAL\n                     EDM= unknown      STRATEGY= 1      NO ERROR MATRIX       \n  EXT PARAMETER               CURRENT GUESS       STEP         FIRST   \n  NO.   NAME      VALUE            ERROR          SIZE      DERIVATIVE \n   1  B            2.02088e+04   2.13944e+02   5.01685e-05  -2.91206e+01\n   2  B_1          6.11406e-01   1.72025e-02   3.53007e-02   1.37668e+00\n   3  B_2          9.53674e-07   4.75004e-04   2.08416e-02   7.84887e-01\n   4  B_3          2.00903e-07   4.37932e-02   2.10907e-01** at limit **\n   5  B_4          3.27112e-01   3.59494e-02   7.67314e-02   1.62735e+00\n   6  S            1.03719e+05   3.18059e+02   1.10676e-03   6.58196e-01\n   7  S1_mean      5.27846e+00   5.56540e-05   5.56578e-04  -6.40380e-01\n   8  S1_sigma     1.63761e-02   5.35942e-05   2.35707e-03  -3.32314e-01\n   9  S2_frac      2.00000e-01   1.00000e-01   2.57889e-01  -9.07759e+02\n  10  S2_sigma     3.92302e-02   3.28222e-04   9.05467e-03  -2.66511e-01\n                               ERR DEF= 0.5\n MIGRAD MINIMIZATION HAS CONVERGED.\n MIGRAD WILL VERIFY CONVERGENCE AND ERROR MATRIX.\n COVARIANCE MATRIX CALCULATED SUCCESSFULLY\n FCN=-1.56868e+06 FROM MIGRAD    STATUS=CONVERGED     374 CALLS         375 TOTAL\n                     EDM=0.000416905    STRATEGY= 1      ERROR MATRIX ACCURATE \n  EXT PARAMETER                                   STEP         FIRST   \n  NO.   NAME      VALUE            ERROR          SIZE      DERIVATIVE \n   1  B            2.05932e+04   2.35504e+02   3.33925e-05   5.45147e+01\n   2  B_1          6.05733e-01   6.58098e-03   4.85461e-03  -6.62208e-01\n   3  B_2          3.15135e-10   6.08453e-04   4.21103e-02** at limit **\n   4  B_3          1.34902e-08   2.16437e-03   7.09775e-02** at limit **\n   5  B_4          3.33962e-01   9.83332e-03   7.13927e-03  -1.38049e+00\n   6  S            1.03334e+05   3.71748e+02   9.94548e-04  -1.48620e+00\n   7  S1_mean      5.27846e+00   6.53932e-05   5.55410e-04  -4.27383e-01\n   8  S1_sigma     1.41961e-02   1.51085e-04   2.63583e-03  -7.14138e-02\n   9  S2_frac      3.84365e-01   1.26340e-02   6.59296e-03   3.93366e-03\n  10  S2_sigma     3.08544e-02   4.97021e-04   4.54199e-03   1.09621e-01\n                               ERR DEF= 0.5\n EXTERNAL ERROR MATRIX.    NDIM=  25    NPAR= 10    ERR DEF=0.5\n  5.546e+04 -8.769e-01  6.272e-06  1.999e-04  1.386e+00 -3.486e+04 -1.825e-03 -1.057e-02  9.923e-01 -6.358e-02 \n -8.769e-01  4.331e-05 -4.240e-10 -7.797e-09 -5.717e-05  8.765e-01  7.916e-08  2.470e-07 -2.277e-05  1.494e-06 \n  6.272e-06 -4.240e-10  7.671e-13  1.515e-15  1.323e-11 -6.267e-06  1.512e-13 -1.259e-12  1.089e-10 -8.526e-12 \n  1.999e-04 -7.797e-09  1.515e-15  1.169e-10 -1.078e-08 -1.996e-04  3.960e-12 -2.347e-11  1.605e-09 -1.867e-10 \n  1.386e+00 -5.717e-05  1.323e-11 -1.078e-08  9.671e-05 -1.386e+00 -1.165e-07 -3.837e-07  3.530e-05 -2.337e-06 \n -3.486e+04  8.765e-01 -6.267e-06 -1.996e-04 -1.386e+00  1.382e+05  1.825e-03  1.059e-02 -9.937e-01  6.363e-02 \n -1.825e-03  7.916e-08  1.512e-13  3.960e-12 -1.165e-07  1.825e-03  4.276e-09  5.303e-10 -4.614e-08  3.099e-09 \n -1.057e-02  2.470e-07 -1.259e-12 -2.347e-11 -3.837e-07  1.059e-02  5.303e-10  2.283e-08 -1.707e-06  5.677e-08 \n  9.923e-01 -2.277e-05  1.089e-10  1.605e-09  3.530e-05 -9.937e-01 -4.614e-08 -1.707e-06  1.597e-04 -5.542e-06 \n -6.358e-02  1.494e-06 -8.526e-12 -1.867e-10 -2.337e-06  6.363e-02  3.099e-09  5.677e-08 -5.542e-06  2.470e-07 \n PARAMETER  CORRELATION COEFFICIENTS  \n       NO.  GLOBAL      1      2      3      4      5      6      7      8      9     10\n        1  0.70841   1.000 -0.566  0.030  0.079  0.599 -0.398 -0.119 -0.297  0.333 -0.543\n        2  0.90907  -0.566  1.000 -0.074 -0.110 -0.883  0.358  0.184  0.248 -0.274  0.457\n        3  0.17444   0.030 -0.074  1.000  0.000  0.002 -0.019  0.003 -0.010  0.010 -0.020\n        4  0.46573   0.079 -0.110  0.000  1.000 -0.101 -0.050  0.006 -0.014  0.012 -0.035\n        5  0.91842   0.599 -0.883  0.002 -0.101  1.000 -0.379 -0.181 -0.258  0.284 -0.478\n        6  0.46075  -0.398  0.358 -0.019 -0.050 -0.379  1.000  0.075  0.188 -0.212  0.344\n        7  0.18938  -0.119  0.184  0.003  0.006 -0.181  0.075  1.000  0.054 -0.056  0.095\n        8  0.89880  -0.297  0.248 -0.010 -0.014 -0.258  0.188  0.054  1.000 -0.894  0.756\n        9  0.95597   0.333 -0.274  0.010  0.012  0.284 -0.212 -0.056 -0.894  1.000 -0.882\n       10  0.93225  -0.543  0.457 -0.020 -0.035 -0.478  0.344  0.095  0.756 -0.882  1.000\n **********\n **    7 **SET ERR         0.5\n **********\n **********\n **    8 **SET PRINT           1\n **********\n **********\n **    9 **HESSE        5000\n **********\n EIGENVALUES OF SECOND-DERIVATIVE MATRIX:\n        -3.3916e+00  4.5394e-02  1.7044e-01  6.1935e-01  9.7834e-01  9.9987e-01  1.0040e+00  1.1369e+00  2.2639e+00  6.1734e+00\n MINUIT WARNING IN HESSE   \n ============== MATRIX FORCED POS-DEF BY ADDING 3.397756 TO DIAGONAL.\n FCN=-1.56868e+06 FROM HESSE     STATUS=NOT POSDEF     92 CALLS         467 TOTAL\n                     EDM=0.0108505    STRATEGY= 1      ERR MATRIX NOT POS-DEF\n  EXT PARAMETER                APPROXIMATE     INTERNAL      INTERNAL  \n  NO.   NAME      VALUE            ERROR       STEP SIZE       VALUE   \n   1  B            2.05932e+04   7.98795e+01   1.33570e-06  -1.56123e+00\n   2  B_1          6.05733e-01   1.34522e-02   1.94184e-04   2.13075e-01\n   3  B_2          3.15135e-10   1.38907e-04   1.68441e-03  -1.57076e+00\n                                 WARNING -   - ABOVE PARAMETER IS AT LIMIT.\n   4  B_3          1.34902e-08   6.92458e-03   5.00000e-01  -1.57056e+00\n                                 WARNING -   - ABOVE PARAMETER IS AT LIMIT.\n   5  B_4          3.33962e-01   2.77603e-02   2.85571e-04  -3.38504e-01\n   6  S            1.03334e+05   1.57611e+02   3.97819e-05  -8.79430e-01\n   7  S1_mean      5.27846e+00   3.06512e-05   1.11082e-04  -1.17182e-02\n   8  S1_sigma     1.41961e-02   3.20433e-05   1.05433e-04  -4.79552e-01\n   9  S2_frac      3.84365e-01   1.81915e-03   2.63718e-04  -2.33383e-01\n  10  S2_sigma     3.08544e-02   8.75917e-05   1.81680e-04  -3.53790e-01\n                               ERR DEF= 0.5\n EXTERNAL ERROR MATRIX.    NDIM=  25    NPAR= 10    ERR DEF=0.5\n  6.381e+03 -7.041e-02 -1.308e-07  1.003e-04 -1.363e-01 -4.607e+02  2.388e-06 -1.704e-05 -4.875e-03 -5.011e-04 \n -7.041e-02  1.810e-04  3.544e-10 -2.591e-07  3.706e-04  5.885e-02 -1.740e-08  8.251e-09  2.468e-08 -8.698e-08 \n -1.308e-07  3.544e-10  1.751e-13 -5.134e-13  7.342e-10  1.094e-07 -3.416e-14  1.597e-14 -2.206e-14 -1.777e-13 \n  1.003e-04 -2.591e-07 -5.134e-13  3.745e-10 -5.363e-07 -8.381e-05  2.593e-11 -1.190e-11 -2.325e-11  1.275e-10 \n -1.363e-01  3.706e-04  7.342e-10 -5.363e-07  7.715e-04  1.139e-01 -3.759e-08  1.675e-08 -2.716e-08 -1.876e-07 \n -4.607e+02  5.885e-02  1.094e-07 -8.381e-05  1.139e-01  2.484e+04 -1.995e-06  1.424e-05  4.075e-03  4.189e-04 \n  2.388e-06 -1.740e-08 -3.416e-14  2.593e-11 -3.759e-08 -1.995e-06  9.395e-10  4.509e-13  9.548e-11  1.375e-11 \n -1.704e-05  8.251e-09  1.597e-14 -1.190e-11  1.675e-08  1.424e-05  4.509e-13  1.027e-09 -9.388e-09 -5.411e-11 \n -4.875e-03  2.468e-08 -2.206e-14 -2.325e-11 -2.716e-08  4.075e-03  9.548e-11 -9.388e-09  3.309e-06 -2.532e-08 \n -5.011e-04 -8.698e-08 -1.777e-13  1.275e-10 -1.876e-07  4.189e-04  1.375e-11 -5.411e-11 -2.532e-08  7.672e-09 \nERR MATRIX NOT POS-DEF\n PARAMETER  CORRELATION COEFFICIENTS  \n       NO.  GLOBAL      1      2      3      4      5      6      7      8      9     10\n        1  0.12411   1.000 -0.066 -0.004  0.065 -0.061 -0.037  0.001 -0.007 -0.034 -0.072\n        2  0.99527  -0.066  1.000  0.063 -0.995  0.992  0.028 -0.042  0.019  0.001 -0.074\n        3  0.06343  -0.004  0.063  1.000 -0.063  0.063  0.002 -0.003  0.001 -0.000 -0.005\n        4  0.99870   0.065 -0.995 -0.063  1.000 -0.998 -0.027  0.044 -0.019 -0.001  0.075\n        5  0.99777  -0.061  0.992  0.063 -0.998  1.000  0.026 -0.044  0.019 -0.001 -0.077\n        6  0.05950  -0.037  0.028  0.002 -0.027  0.026  1.000 -0.000  0.003  0.014  0.030\n        7  0.04610   0.001 -0.042 -0.003  0.044 -0.044 -0.000  1.000  0.000  0.002  0.005\n        8  0.16903  -0.007  0.019  0.001 -0.019  0.019  0.003  0.000  1.000 -0.161 -0.019\n        9  0.23504  -0.034  0.001 -0.000 -0.001 -0.001  0.014  0.002 -0.161  1.000 -0.159\n       10  0.20377  -0.072 -0.074 -0.005  0.075 -0.077  0.030  0.005 -0.019 -0.159  1.000\n ERR MATRIX NOT POS-DEF\n **********\n **    1 **SET PRINT           1\n **********\n **********\n **    2 **SET NOGRAD\n **********\n PARAMETER DEFINITIONS:\n    NO.   NAME         VALUE      STEP SIZE      LIMITS\n     1 B            1.47809e+04  1.43128e+02    1.00000e+00  9.00000e+08\n MINUIT WARNING IN PARAM DEF\n ============== LIMITS ON PARAM1 TOO FAR APART.\n PARAMETER DEFINITIONS:\n    NO.   NAME         VALUE      STEP SIZE      LIMITS\n     2 B_1          6.35485e-01  1.89770e-02    0.00000e+00  1.00000e+00\n     3 B_2          9.49274e-09  4.61504e-04    0.00000e+00  1.00000e+00\n MINUIT WARNING IN PARAMETR\n ============== VARIABLE3 IS AT ITS LOWER ALLOWED LIMIT.\n MINUIT WARNING IN PARAMETR\n ============== VARIABLE3 BROUGHT BACK INSIDE LIMITS.\n     4 B_3          1.09786e-09  4.22161e-02    0.00000e+00  1.00000e+00\n MINUIT WARNING IN PARAMETR\n ============== VARIABLE4 IS AT ITS LOWER ALLOWED LIMIT.\n MINUIT WARNING IN PARAMETR\n ============== VARIABLE4 BROUGHT BACK INSIDE LIMITS.\n     5 B_4          3.14447e-01  3.82573e-02    0.00000e+00  1.00000e+00\n     6 S            8.19051e+04  2.45314e+02    4.00000e+00  9.00000e+05\n     7 S1_mean      5.27848e+00  5.74656e-05    5.17963e+00  5.37963e+00\n     8 S1_sigma     1.63179e-02  5.40786e-05    1.00000e-03  5.00000e-02\n     9 S2_frac      2.00000e-01  1.00000e-01    0.00000e+00  1.00000e+00\n    10 S2_sigma     3.86970e-02  3.17471e-04    7.00000e-03  8.00000e-02\n **********\n **    3 **SET ERR         0.5\n **********\n **********\n **    4 **SET PRINT           1\n **********\n **********\n **    5 **SET STR           1\n **********\n NOW USING STRATEGY  1: TRY TO BALANCE SPEED AGAINST RELIABILITY\n **********\n **    6 **MIGRAD        5000           1\n **********\n FIRST CALL TO USER FUNCTION AT NEW START POINT, WITH IFLAG=4.\n MINUIT WARNING IN MIGrad    \n ============== VARIABLE3 IS AT ITS LOWER ALLOWED LIMIT.\n MINUIT WARNING IN MIGrad    \n ============== VARIABLE4 IS AT ITS LOWER ALLOWED LIMIT.\n START MIGRAD MINIMIZATION.  STRATEGY  1.  CONVERGENCE WHEN EDM .LT. 1.00e-03\n FCN=-1.20265e+06 FROM MIGRAD    STATUS=INITIATE       38 CALLS          39 TOTAL\n                     EDM= unknown      STRATEGY= 1      NO ERROR MATRIX       \n  EXT PARAMETER               CURRENT GUESS       STEP         FIRST   \n  NO.   NAME      VALUE            ERROR          SIZE      DERIVATIVE \n   1  B            1.47809e+04   1.43128e+02   3.92442e-05   2.62642e+00\n   2  B_1          6.35485e-01   1.89770e-02   3.94418e-02  -1.30416e-01\n   3  B_2          9.53674e-07   4.61504e-04   2.05299e-02   6.93081e-01\n   4  B_3          9.53674e-07   4.22161e-02   2.05965e-01   1.98707e-01\n   5  B_4          3.14447e-01   3.82573e-02   8.25374e-02   6.75853e-02\n   6  S            8.19051e+04   2.45314e+02   9.47709e-04  -2.42159e-01\n   7  S1_mean      5.27848e+00   5.74656e-05   5.74694e-04  -1.25011e-02\n   8  S1_sigma     1.63179e-02   5.40786e-05   2.38082e-03   1.36196e-01\n   9  S2_frac      2.00000e-01   1.00000e-01   2.57889e-01  -7.27678e+02\n  10  S2_sigma     3.86970e-02   3.17471e-04   8.77425e-03   1.99084e-01\n                               ERR DEF= 0.5\n MIGRAD MINIMIZATION HAS CONVERGED.\n MIGRAD WILL VERIFY CONVERGENCE AND ERROR MATRIX.\n COVARIANCE MATRIX CALCULATED SUCCESSFULLY\n FCN=-1.20279e+06 FROM MIGRAD    STATUS=CONVERGED     370 CALLS         371 TOTAL\n                     EDM=0.000315005    STRATEGY= 1      ERROR MATRIX ACCURATE \n  EXT PARAMETER                                   STEP         FIRST   \n  NO.   NAME      VALUE            ERROR          SIZE      DERIVATIVE \n   1  B            1.50815e+04   2.05023e+02   2.92229e-05  -4.31937e+01\n   2  B_1          6.28325e-01   8.41715e-03   4.79081e-03   3.47158e-02\n   3  B_2          1.28600e-11   6.81326e-04   3.94508e-02** at limit **\n   4  B_3          1.04612e-08   2.31842e-03   6.82834e-02** at limit **\n   5  B_4          3.23249e-01   1.21583e-02   6.84925e-03  -5.62639e-01\n   6  S            8.16031e+04   3.29465e+02   8.57497e-04  -3.78823e+00\n   7  S1_mean      5.27849e+00   7.31779e-05   5.43080e-04  -5.97538e-01\n   8  S1_sigma     1.40967e-02   1.70906e-04   2.60137e-