{
 "cells": [
  {
   "cell_type": "code",
   "execution_count": 1,
   "metadata": {},
   "outputs": [
    {
     "name": "stdout",
     "output_type": "stream",
     "text": [
      "/Users/kirillivanov/soft/pyroot/lib\n"
     ]
    },
    {
     "name": "stdout",
     "output_type": "stream",
     "text": [
      "Welcome to JupyROOT 6.12/06\n/Users/kirillivanov/Documents/ФОПФ+/База Данилов/ROOT/4 сем/code\n"
     ]
    }
   ],
   "source": [
    "%cd /Users/kirillivanov/soft/pyroot/lib/\n",
    "import ROOT\n",
    "%cd /Users/kirillivanov/Documents/ФОПФ+/База Данилов/ROOT/4 сем/code"
   ]
  },
  {
   "cell_type": "code",
   "execution_count": 2,
   "metadata": {},
   "outputs": [
    {
     "name": "stdout",
     "output_type": "stream",
     "text": [
      "Adding chain done 1 files \n"
     ]
    }
   ],
   "source": [
    "import glob\n",
    "\n",
    "ch = ROOT.TChain(\"mytree\")\n",
    "MyFileNames12 = glob.glob('../data/data.root')\n",
    "for fName in MyFileNames12:\n",
    "    ch.Add(fName)\n",
    "\n",
    "print(\"Adding chain done\", ch.GetNtrees(), 'files ')"
   ]
  },
  {
   "cell_type": "code",
   "execution_count": 8,
   "metadata": {},
   "outputs": [
    {
     "name": "stderr",
     "output_type": "stream",
     "text": [
      "Warning in <TROOT::Append>: Replacing existing TH1: hBmas1 (Potential memory leak).\nWarning in <TROOT::Append>: Replacing existing TH1: hBmas2 (Potential memory leak).\nWarning in <TROOT::Append>: Replacing existing TH1: hBmas3 (Potential memory leak).\nWarning in <TROOT::Append>: Replacing existing TH1: hBmas4 (Potential memory leak).\nWarning in <TROOT::Append>: Replacing existing TH1: hBmas5 (Potential memory leak).\nWarning in <TROOT::Append>: Replacing existing TH1: hBmas6 (Potential memory leak).\nWarning in <TROOT::Append>: Replacing existing TH1: hBmas7 (Potential memory leak).\nWarning in <TROOT::Append>: Replacing existing TH1: hBmas8 (Potential memory leak).\nWarning in <TROOT::Append>: Replacing existing TH1: hBmas9 (Potential memory leak).\n"
     ]
    }
   ],
   "source": [
    "hBmas1 = ROOT.TH1F('hBmas1', 'B_mass', 150, 5.27963 - 0.19, 5.27963 + 0.18)\n",
    "hBmas2 = ROOT.TH1F('hBmas2', 'B_mass', 150, 5.27963 - 0.19, 5.27963 + 0.18)\n",
    "hBmas3 = ROOT.TH1F('hBmas3', 'B_mass', 150, 5.27963 - 0.19, 5.27963 + 0.18)\n",
    "hBmas4 = ROOT.TH1F('hBmas4', 'B_mass', 150, 5.27963 - 0.19, 5.27963 + 0.18)\n",
    "hBmas5 = ROOT.TH1F('hBmas5', 'B_mass', 150, 5.27963 - 0.19, 5.27963 + 0.18)\n",
    "hBmas6 = ROOT.TH1F('hBmas6', 'B_mass', 150, 5.27963 - 0.19, 5.27963 + 0.18)\n",
    "hBmas7 = ROOT.TH1F('hBmas7', 'B_mass', 150, 5.27963 - 0.19, 5.27963 + 0.18)\n",
    "hBmas8 = ROOT.TH1F('hBmas8', 'B_mass', 150, 5.27963 - 0.19, 5.27963 + 0.18)\n",
    "hBmas9 = ROOT.TH1F('hBmas9', 'B_mass', 150, 5.27963 - 0.19, 5.27963 + 0.18)"
   ]
  },
  {
   "cell_type": "code",
   "execution_count": 46,
   "metadata": {},
   "outputs": [],
   "source": [
    "cut_sign = 'B_pvdistsignif2_Cjp > 7'\n",
    "\n",
    "cut_cos = ' && B_pvcos2_Cjp > 0.9995'\n",
    "\n",
    "cut_bpt = ' && B_pt_Cjp > 10 '\n",
    "\n",
    "cut_prob = ['&& B_vtxprob_Cjp > 0.1', '&& B_vtxprob_Cjp > 0.2', '&& B_vtxprob_Cjp > 0.3', '&& B_vtxprob_Cjp > 0.4',\n",
    "            '&& B_vtxprob_Cjp > 0.5', '&& B_vtxprob_Cjp > 0.6', '&& B_vtxprob_Cjp > 0.7', '&& B_vtxprob_Cjp > 0.8',\n",
    "            '&& B_vtxprob_Cjp > 0.9']\n",
    "\n",
    "cuts = []\n",
    "\n",
    "for cut in cut_prob:\n",
    "    cuts.append(cut_sign + cut_cos + cut_bpt + cut)\n"
   ]
  },
  {
   "cell_type": "code",
   "execution_count": 10,
   "metadata": {},
   "outputs": [
    {
     "data": {
      "text/plain": [
       "15657"
      ]
     },
     "execution_count": 10,
     "metadata": {},
     "output_type": "execute_result"
    },
    {
     "name": "stderr",
     "output_type": "stream",
     "text": [
      "Info in <TCanvas::MakeDefCanvas>:  created default TCanvas with name c1\n"
     ]
    }
   ],
   "source": [
    "ch.Draw('B_mass_Cjp >> hBmas1', cuts[0])\n",
    "ch.Draw('B_mass_Cjp >> hBmas2', cuts[1])\n",
    "ch.Draw('B_mass_Cjp >> hBmas3', cuts[2])\n",
    "ch.Draw('B_mass_Cjp >> hBmas4', cuts[3])\n",
    "ch.Draw('B_mass_Cjp >> hBmas5', cuts[4])\n",
    "ch.Draw('B_mass_Cjp >> hBmas6', cuts[5])\n",
    "ch.Draw('B_mass_Cjp >> hBmas7', cuts[6])\n",
    "ch.Draw('B_mass_Cjp >> hBmas8', cuts[7])\n",
    "ch.Draw('B_mass_Cjp >> hBmas9', cuts[8])"
   ]
  },
  {
   "cell_type": "code",
   "execution_count": 11,
   "metadata": {},
   "outputs": [],
   "source": [
    "ff = ROOT.TFile(\"../data/B_cut_prob.root\", \"recreate\")\n",
    "\n",
    "hBmas1.Write()\n",
    "hBmas2.Write()\n",
    "hBmas3.Write()\n",
    "hBmas4.Write()\n",
    "hBmas5.Write()\n",
    "hBmas6.Write()\n",
    "hBmas7.Write()\n",
    "hBmas8.Write()\n",
    "hBmas9.Write()\n",
    "\n",
    "ff.Close()"
   ]
  },
  {
   "cell_type": "code",
   "execution_count": 31,
   "metadata": {},
   "outputs": [],
   "source": [
    "from math import sqrt\n",
    "from array import array\n",
    "\n",
    "f = ROOT.TFile('../data/B_cut_prob.root', 'read')  # file where to read from\n",
    "\n",
    "signals, signals_err = array('d'), array('d')"
   ]
  },
  {
   "cell_type": "code",
   "execution_count": 33,
   "metadata": {
    "collapsed": true
   },
   "outputs": [
    {
     "name": "stdout",
     "output_type": "stream",
     "text": [
      "Signif = 0.0020980141368151647\n"
     ]
    },
    {
     "name": "stdout",
     "output_type": "stream",
     "text": [
      "Signif = -0.0\n"
     ]
    },
    {
     "name": "stdout",
     "output_type": "stream",
     "text": [
      "Signif = 0.006130084384668825\n"
     ]
    },
    {
     "name": "stdout",
     "output_type": "stream",
     "text": [
      "Signif = 0.006134640488051231\n"
     ]
    },
    {
     "name": "stdout",
     "output_type": "stream",
     "text": [
      "Signif = 0.005643627695012994\n"
     ]
    },
    {
     "name": "stdout",
     "output_type": "stream",
     "text": [
      "Signif = 0.005092836582600643\n"
     ]
    },
    {
     "name": "stdout",
     "output_type": "stream",
     "text": [
      "Signif = 0.003076065530906658\n"
     ]
    },
    {
     "name": "stdout",
     "output_type": "stream",
     "text": [
      "Signif = 0.00173420685734927\n"
     ]
    },
    {
     "name": "stdout",
     "output_type": "stream",
     "text": [
      "Signif = -0.0\n **********\n **    1 **SET PRINT           1\n **********\n **********\n **    2 **SET NOGRAD\n **********\n PARAMETER DEFINITIONS:\n    NO.   NAME         VALUE      STEP SIZE      LIMITS\n     1 B            2.32171e+04  9.49544e+01    1.00000e+00  9.00000e+08\n MINUIT WARNING IN PARAM DEF\n ============== LIMITS ON PARAM1 TOO FAR APART.\n PARAMETER DEFINITIONS:\n    NO.   NAME         VALUE      STEP SIZE      LIMITS\n     2 B_1          6.07370e-01  1.34963e-02    0.00000e+00  1.00000e+00\n     3 B_2          1.23079e-09  1.84905e-04    0.00000e+00  1.00000e+00\n MINUIT WARNING IN PARAMETR\n ============== VARIABLE3 IS AT ITS LOWER ALLOWED LIMIT.\n MINUIT WARNING IN PARAMETR\n ============== VARIABLE3 BROUGHT BACK INSIDE LIMITS.\n     4 B_3          4.26223e-08  7.60896e-03    0.00000e+00  1.00000e+00\n MINUIT WARNING IN PARAMETR\n ============== VARIABLE4 BROUGHT BACK INSIDE LIMITS.\n     5 B_4          3.30858e-01  2.75290e-02    0.00000e+00  1.00000e+00\n     6 S            1.12677e+05  1.81103e+02    4.00000e+00  9.00000e+05\n     7 S1_mean      5.27843e+00  3.28273e-05    5.17963e+00  5.37963e+00\n     8 S1_sigma     1.64830e-02  3.01583e-05    1.00000e-03  5.00000e-02\n     9 S2_frac      2.00000e-01  1.00000e-01    0.00000e+00  1.00000e+00\n    10 S2_sigma     4.00076e-02  1.90574e-04    7.00000e-03  8.00000e-02\n **********\n **    3 **SET ERR         0.5\n **********\n **********\n **    4 **SET PRINT           1\n **********\n **********\n **    5 **SET STR           1\n **********\n NOW USING STRATEGY  1: TRY TO BALANCE SPEED AGAINST RELIABILITY\n **********\n **    6 **MIGRAD        5000           1\n **********\n FIRST CALL TO USER FUNCTION AT NEW START POINT, WITH IFLAG=4.\n MINUIT WARNING IN MIGrad    \n ============== VARIABLE3 IS AT ITS LOWER ALLOWED LIMIT.\n START MIGRAD MINIMIZATION.  STRATEGY  1.  CONVERGENCE WHEN EDM .LT. 1.00e-03\n FCN=-1.72907e+06 FROM MIGRAD    STATUS=INITIATE       42 CALLS          43 TOTAL\n                     EDM= unknown      STRATEGY= 1      NO ERROR MATRIX       \n  EXT PARAMETER               CURRENT GUESS       STEP         FIRST   \n  NO.   NAME      VALUE            ERROR          SIZE      DERIVATIVE \n   1  B            2.32171e+04   9.49544e+01   2.07733e-05  -2.70494e+00\n   2  B_1          6.07370e-01   1.34963e-02   2.76414e-02  -8.39283e-02\n   3  B_2          9.53674e-07   1.84905e-04   1.26569e-02   7.92868e-01\n   4  B_3          4.26223e-08   7.60896e-03   8.79043e-02** at limit **\n   5  B_4          3.30858e-01   2.75290e-02   5.85538e-02   8.66702e-01\n   6  S            1.12677e+05   1.81103e+02   6.08049e-04  -1.74614e-01\n   7  S1_mean      5.27843e+00   3.28273e-05   3.28297e-04   8.78452e-02\n   8  S1_sigma     1.64830e-02   3.01583e-05   1.32388e-03  -3.23478e-01\n   9  S2_frac      2.00000e-01   1.00000e-01   2.57889e-01  -1.01384e+03\n  10  S2_sigma     4.00076e-02   1.90574e-04   5.24528e-03  -2.93950e-01\n                               ERR DEF= 0.5\n MIGRAD MINIMIZATION HAS CONVERGED.\n FCN=-1.72925e+06 FROM MIGRAD    STATUS=CONVERGED     270 CALLS         271 TOTAL\n                     EDM=5.82139e-05    STRATEGY= 1  ERROR MATRIX UNCERTAINTY   2.3 per cent\n  EXT PARAMETER                                   STEP         FIRST   \n  NO.   NAME      VALUE            ERROR          SIZE      DERIVATIVE \n   1  B            2.36368e+04   2.39601e+02  -1.70301e-07   5.28759e+01\n   2  B_1          6.02481e-01   5.00444e-03   1.58361e-05   1.89597e-01\n   3  B_2          5.86915e-10   6.39618e-04  -3.26651e-05** at limit **\n   4  B_3          2.35249e-09   1.45610e-03   1.49574e-04** at limit **\n   5  B_4          3.36428e-01   7.62621e-03  -3.18425e-05  -7.45212e-02\n   6  S            1.12257e+05   3.78145e+02   5.66059e-06  -2.49454e+00\n   7  S1_mean      5.27844e+00   6.36524e-05   3.23042e-07  -4.82056e-01\n   8  S1_sigma     1.42710e-02   1.41332e-04   4.15658e-05  -4.71305e-01\n   9  S2_frac      3.83757e-01   1.17806e-02  -1.76256e-04   4.15743e-01\n  10  S2_sigma     3.13414e-02   4.75256e-04   1.02312e-04   2.40339e-01\n                               ERR DEF= 0.5\n EXTERNAL ERROR MATRIX.    NDIM=  25    NPAR= 10    ERR DEF=0.5\n  5.741e+04 -5.690e-01 -5.562e-06  1.396e-05  9.835e-01 -3.181e+04 -1.362e-03 -9.888e-03  8.808e-01 -5.659e-02 \n -5.690e-01  2.505e-05  6.117e-12 -5.011e-10 -3.245e-05  5.048e-01  4.796e-08  1.709e-07 -1.430e-05  8.810e-07 \n -5.562e-06  6.117e-12  1.502e-12  6.227e-15 -9.353e-11 -3.317e-06  2.019e-16  1.176e-12 -1.044e-10  1.315e-11 \n  1.396e-05 -5.011e-10  6.227e-15  1.371e-11  6.829e-10 -7.412e-05 -9.832e-13 -1.567e-12  5.988e-10 -7.328e-11 \n  9.835e-01 -3.245e-05 -9.353e-11  6.829e-10  5.816e-05 -8.977e-01 -6.966e-08 -2.759e-07  2.285e-05 -1.450e-06 \n -3.181e+04  5.048e-01 -3.317e-06 -7.412e-05 -8.977e-01  1.430e+05  1.150e-03  1.230e-02 -1.005e+00  5.595e-02 \n -1.362e-03  4.796e-08  2.019e-16 -9.832e-13 -6.966e-08  1.150e-03  4.052e-09  3.967e-10 -3.041e-08  1.908e-09 \n -9.888e-03  1.709e-07  1.176e-12 -1.567e-12 -2.759e-07  1.230e-02  3.967e-10  1.997e-08 -1.494e-06  5.287e-08 \n  8.808e-01 -1.430e-05 -1.044e-10  5.988e-10  2.285e-05 -1.005e+00 -3.041e-08 -1.494e-06  1.388e-04 -4.998e-06 \n -5.659e-02  8.810e-07  1.315e-11 -7.328e-11 -1.450e-06  5.595e-02  1.908e-09  5.287e-08 -4.998e-06  2.259e-07 \n PARAMETER  CORRELATION COEFFICIENTS  \n       NO.  GLOBAL      1      2      3      4      5      6      7      8      9     10\n        1  0.66431   1.000 -0.475 -0.019  0.016  0.538 -0.351 -0.089 -0.292  0.312 -0.497\n        2  0.85159  -0.475  1.000  0.001 -0.027 -0.850  0.267  0.151  0.242 -0.243  0.370\n        3  0.04470  -0.019  0.001  1.000  0.001 -0.010 -0.007  0.000  0.007 -0.007  0.023\n        4  0.08523   0.016 -0.027  0.001  1.000  0.024 -0.053 -0.004 -0.003  0.014 -0.042\n        5  0.86679   0.538 -0.850 -0.010  0.024  1.000 -0.311 -0.143 -0.256  0.254 -0.400\n        6  0.41002  -0.351  0.267 -0.007 -0.053 -0.311  1.000  0.048  0.230 -0.226  0.311\n        7  0.15413  -0.089  0.151  0.000 -0.004 -0.143  0.048  1.000  0.044 -0.041  0.063\n        8  0.89940  -0.292  0.242  0.007 -0.003 -0.256  0.230  0.044  1.000 -0.897  0.787\n        9  0.95278   0.312 -0.243 -0.007  0.014  0.254 -0.226 -0.041 -0.897  1.000 -0.893\n       10  0.92690  -0.497  0.370  0.023 -0.042 -0.400  0.311  0.063  0.787 -0.893  1.000\n **********\n **    7 **SET ERR         0.5\n **********\n **********\n **    8 **SET PRINT           1\n **********\n **********\n **    9 **HESSE        5000\n **********\n COVARIANCE MATRIX CALCULATED SUCCESSFULLY\n FCN=-1.72925e+06 FROM HESSE     STATUS=OK            104 CALLS         375 TOTAL\n                     EDM=0.000468009    STRATEGY= 1      ERROR MATRIX ACCURATE \n  EXT PARAMETER                                INTERNAL      INTERNAL  \n  NO.   NAME      VALUE            ERROR       STEP SIZE       VALUE   \n   1  B            2.36368e+04   2.55221e+02   3.50825e-05  -1.56055e+00\n   2  B_1          6.02481e-01   6.13817e-03   4.76544e-03   2.06426e-01\n   3  B_2          5.86915e-10   5.97374e-04   4.35669e-02  -1.57075e+00\n                                 WARNING -   - ABOVE PARAMETER IS AT LIMIT.\n   4  B_3          2.35249e-09   2.24795e-03   7.31797e-02  -1.57089e+00\n                                 WARNING -   - ABOVE PARAMETER IS AT LIMIT.\n   5  B_4          3.36428e-01   9.18605e-03   7.01075e-03  -3.33280e-01\n   6  S            1.12257e+05   3.92112e+02   1.05181e-03  -8.48892e-01\n   7  S1_mean      5.27844e+00   6.33929e-05   5.65046e-04  -1.19196e-02\n   8  S1_sigma     1.42710e-02   1.45585e-04   2.66618e-03  -4.76112e-01\n   9  S2_frac      3.83757e-01   1.19524e-02   6.60824e-03  -2.34632e-01\n  10  S2_sigma     3.13414e-02   4.91830e-04   4.70432e-03  -3.39603e-01\n                               ERR DEF= 0.5\n EXTERNAL ERROR MATRIX.    NDIM=  25    NPAR= 10    ERR DEF=0.5\n  6.514e+04 -8.914e-01  1.028e-05  1.043e-04  1.404e+00 -4.149e+04 -1.935e-03 -1.126e-02  1.026e+00 -6.928e-02 \n -8.914e-01  3.768e-05 -5.907e-10 -3.499e-09 -4.942e-05  8.909e-01  7.210e-08  2.225e-07 -1.989e-05  1.382e-06 \n  1.028e-05 -5.907e-10  1.403e-12  1.305e-15  2.320e-11 -1.028e-05  2.205e-13 -1.869e-12  1.562e-10 -1.289e-11 \n  1.043e-04 -3.499e-09  1.305e-15  2.117e-11 -4.702e-09 -1.042e-04  1.794e-12 -1.112e-11  7.219e-10 -8.983e-11 \n  1.404e+00 -4.942e-05  2.320e-11 -4.702e-09  8.439e-05 -1.403e+00 -1.064e-07 -3.457e-07  3.086e-05 -2.161e-06 \n -4.149e+04  8.909e-01 -1.028e-05 -1.042e-04 -1.403e+00  1.538e+05  1.934e-03  1.127e-02 -1.028e+00  6.934e-02 \n -1.935e-03  7.210e-08  2.205e-13  1.794e-12 -1.064e-07  1.934e-03  4.019e-09  4.538e-10 -3.917e-08  2.924e-09 \n -1.126e-02  2.225e-07 -1.869e-12 -1.112e-11 -3.457e-07  1.127e-02  4.538e-10  2.120e-08 -1.556e-06  5.414e-08 \n  1.026e+00 -1.989e-05  1.562e-10  7.219e-10  3.086e-05 -1.028e+00 -3.917e-08 -1.556e-06  1.429e-04 -5.173e-06 \n -6.928e-02  1.382e-06 -1.289e-11 -8.983e-11 -2.161e-06  6.934e-02  2.924e-09  5.414e-08 -5.173e-06  2.419e-07 \n PARAMETER  CORRELATION COEFFICIENTS  \n       NO.  GLOBAL      1      2      3      4      5      6      7      8      9     10\n        1  0.71593   1.000 -0.569  0.034  0.089  0.599 -0.415 -0.120 -0.303  0.336 -0.552\n        2  0.90825  -0.569  1.000 -0.081 -0.124 -0.876  0.370  0.185  0.249 -0.271  0.458\n        3  0.19054   0.034 -0.081  1.000  0.000  0.002 -0.022  0.003 -0.011  0.011 -0.022\n        4  0.50477   0.089 -0.124  0.000  1.000 -0.111 -0.058  0.006 -0.017  0.013 -0.040\n        5  0.91777   0.599 -0.876  0.002 -0.111  1.000 -0.389 -0.183 -0.259  0.281 -0.478\n        6  0.47788  -0.415  0.370 -0.022 -0.058 -0.389  1.000  0.078  0.197 -0.219  0.360\n        7  0.19137  -0.120  0.185  0.003  0.006 -0.183  0.078  1.000  0.049 -0.052  0.094\n        8  0.89843  -0.303  0.249 -0.011 -0.017 -0.259  0.197  0.049  1.000 -0.894  0.756\n        9  0.95517   0.336 -0.271  0.011  0.013  0.281 -0.219 -0.052 -0.894  1.000 -0.880\n       10  0.93195  -0.552  0.458 -0.022 -0.040 -0.478  0.360  0.094  0.756 -0.880  1.000\n **********\n **    1 **SET PRINT           1\n **********\n **********\n **    2 **SET NOGRAD\n **********\n PARAMETER DEFINITIONS:\n    NO.   NAME         VALUE      STEP SIZE      LIMITS\n     1 B            1.96397e+04  1.58653e+02    1.00000e+00  9.00000e+08\n MINUIT WARNING IN PARAM DEF\n ============== LIMITS ON PARAM1 TOO FAR APART.\n PARAMETER DEFINITIONS:\n    NO.   NAME         VALUE      STEP SIZE      LIMITS\n     2 B_1          6.10674e-01  1.68085e-02    0.00000e+00  1.00000e+00\n     3 B_2          9.41047e-10  3.98928e-04    0.00000e+00  1.00000e+00\n MINUIT WARNING IN PARAMETR\n ============== VARIABLE3 IS AT ITS LOWER ALLOWED LIMIT.\n MINUIT WARNING IN PARAMETR\n ============== VARIABLE3 BROUGHT BACK INSIDE LIMITS.\n     4 B_3          1.09315e-09  2.92699e-02    0.00000e+00  1.00000e+00\n MINUIT WARNING IN PARAMETR\n ============== VARIABLE4 IS AT ITS LOWER ALLOWED LIMIT.\n MINUIT WARNING IN PARAMETR\n ============== VARIABLE4 BROUGHT BACK INSIDE LIMITS.\n     5 B_4          3.32306e-01  3.46880e-02    0.00000e+00  1.00000e+00\n     6 S            9.77288e+04  2.62382e+02    4.00000e+00  9.00000e+05\n     7 S1_mean      5.27839e+00  5.17106e-05    5.17963e+00  5.37963e+00\n     8 S1_sigma     1.63275e-02  4.86355e-05    1.00000e-03  5.00000e-02\n     9 S2_frac      2.00000e-01  1.00000e-01    0.00000e+00  1.00000e+00\n    10 S2_sigma     3.93234e-02  2.98372e-04    7.00000e-03  8.00000e-02\n **********\n **    3 **SET ERR         0.5\n **********\n **********\n **    4 **SET PRINT           1\n **********\n **********\n **    5 **SET STR           1\n **********\n NOW USING STRATEGY  1: TRY TO BALANCE SPEED AGAINST RELIABILITY\n **********\n **    6 **MIGRAD        5000           1\n **********\n FIRST CALL TO USER FUNCTION AT NEW START POINT, WITH IFLAG=4.\n MINUIT WARNING IN MIGrad    \n ============== VARIABLE3 IS AT ITS LOWER ALLOWED LIMIT.\n MINUIT WARNING IN MIGrad    \n ============== VARIABLE4 IS AT ITS LOWER ALLOWED LIMIT.\n START MIGRAD MINIMIZATION.  STRATEGY  1.  CONVERGENCE WHEN EDM .LT. 1.00e-03\n FCN=-1.47818e+06 FROM MIGRAD    STATUS=INITIATE       40 CALLS          41 TOTAL\n                     EDM= unknown      STRATEGY= 1      NO ERROR MATRIX       \n  EXT PARAMETER               CURRENT GUESS       STEP         FIRST   \n  NO.   NAME      VALUE            ERROR          SIZE      DERIVATIVE \n   1  B            1.96397e+04   1.58653e+02   3.77381e-05   3.91557e+01\n   2  B_1          6.10674e-01   1.68085e-02   3.44800e-02  -1.54165e-01\n   3  B_2          9.53674e-07   3.98928e-04   1.90218e-02   7.73629e-01\n   4  B_3          9.53674e-07   2.92699e-02   1.70957e-01   3.14519e-01\n   5  B_4          3.32306e-01   3.46880e-02   7.37336e-02   7.85031e-03\n   6  S            9.77288e+04   2.62382e+02   9.37069e-04   5.67910e-01\n   7  S1_mean      5.27839e+00   5.17106e-05   5.17146e-04   4.73776e-02\n   8  S1_sigma     1.63275e-02   4.86355e-05   2.14082e-03   6.22045e-01\n   9  S2_frac      2.00000e-01   1.00000e-01   2.57889e-01  -8.84566e+02\n  10  S2_sigma     3.93234e-02   2.98372e-04   8.22872e-03   3.53905e-01\n                               ERR DEF= 0.5\n MIGRAD MINIMIZATION HAS CONVERGED.\n FCN=-1.47834e+06 FROM MIGRAD    STATUS=CONVERGED     276 CALLS         277 TOTAL\n                     EDM=8.61077e-05    STRATEGY= 1  ERROR MATRIX UNCERTAINTY   4.1 per cent\n  EXT PARAMETER                                   STEP         FIRST   \n  NO.   NAME      VALUE            ERROR          SIZE      DERIVATIVE \n   1  B            2.00037e+04   2.17940e+02   8.14828e-07   2.58627e+01\n   2  B_1          6.05236e-01   5.42750e-03   1.53604e-04   1.13620e+00\n   3  B_2          6.74912e-11   6.52337e-04   2.60979e-04** at limit **\n   4  B_3          4.59261e-10   1.55895e-03  -7.85362e-04** at limit **\n   5  B_4          3.38798e-01   8.10263e-03   2.87415e-04   6.96337e-01\n   6  S            9.73632e+04   3.55644e+02   1.51168e-05  -3.72732e+00\n   7  S1_mean      5.27840e+00   6.75214e-05   3.30044e-07  -7.38338e-01\n   8  S1_sigma     1.40811e-02   1.38665e-04   6.01308e-06  -1.83172e+00\n   9  S2_frac      3.88848e-01   1.19192e-02  -5.01891e-04  -2.25188e-01\n  10  S2_sigma     3.07687e-02   5.00535e-04   9.71647e-05   1.20249e-01\n                               ERR DEF= 0.5\n EXTERNAL ERROR MATRIX.    NDIM=  25    NPAR= 10    ERR DEF=0.5\n  4.750e+04 -5.646e-01 -7.303e-07 -9.952e-06  9.293e-01 -2.660e+04 -1.245e-03 -8.103e-03  7.854e-01 -5.351e-02 \n -5.646e-01  2.946e-05  2.193e-12  2.825e-11 -3.791e-05  5.485e-01  5.413e-08  2.044e-07 -1.875e-05  1.104e-06 \n -7.303e-07  2.193e-12  1.761e-13 -7.407e-15 -1.395e-11 -5.902e-07  5.190e-15  5.454e-13 -4.519e-11  2.428e-12 \n -9.952e-06  2.825e-11 -7.407e-15  2.865e-12  1.564e-10 -4.627e-06 -2.641e-13  3.322e-12 -2.269e-10  1.753e-11 \n  9.293e-01 -3.791e-05 -1.395e-11  1.564e-10  6.566e-05 -9.509e-01 -7.707e-08 -2.998e-07  2.741e-05 -1.718e-06 \n -2.660e+04  5.485e-01 -5.902e-07 -4.627e-06 -9.509e-01  1.265e+05  1.146e-03  1.036e-02 -1.002e+00  6.122e-02 \n -1.245e-03  5.413e-08  5.190e-15 -2.641e-13 -7.707e-08  1.146e-03  4.559e-09  3.630e-10 -3.069e-08  2.085e-09 \n -8.103e-03  2.044e-07  5.454e-13  3.322e-12 -2.998e-07  1.036e-02  3.630e-10  1.923e-08 -1.451e-06  5.236e-08 \n  7.854e-01 -1.875e-05 -4.519e-11 -2.269e-10  2.741e-05 -1.002e+00 -3.069e-08 -1.451e-06  1.421e-04 -5.282e-06 \n -5.351e-02  1.104e-06  2.428e-12  1.753e-11 -1.718e-06  6.122e-02  2.085e-09  5.236e-08 -5.282e-06  2.506e-07 \n PARAMETER  CORRELATION COEFFICIENTS  \n       NO.  GLOBAL      1      2      3      4      5      6      7      8      9     10\n        1  0.64748   1.000 -0.477 -0.008 -0.027  0.526 -0.343 -0.085 -0.268  0.302 -0.490\n        2  0.86411  -0.477  1.000  0.001  0.003 -0.862  0.284  0.148  0.272 -0.290  0.406\n        3  0.02023  -0.008  0.001  1.000 -0.010 -0.004 -0.004  0.000  0.009 -0.009  0.012\n        4  0.05574  -0.027  0.003 -0.010  1.000  0.011 -0.008 -0.002  0.014 -0.011  0.021\n        5  0.87533   0.526 -0.862 -0.004  0.011  1.000 -0.330 -0.141 -0.267  0.284 -0.423\n        6  0.42750  -0.343  0.284 -0.004 -0.008 -0.330  1.000  0.048  0.210 -0.236  0.344\n        7  0.15083  -0.085  0.148  0.000 -0.002 -0.141  0.048  1.000  0.039 -0.038  0.062\n        8  0.88029  -0.268  0.272  0.009  0.014 -0.267  0.210  0.039  1.000 -0.878  0.754\n        9  0.94720   0.302 -0.290 -0.009 -0.011  0.284 -0.236 -0.038 -0.878  1.000 -0.885\n       10  0.92236  -0.490  0.406  0.012  0.021 -0.423  0.344  0.062  0.754 -0.885  1.000\n **********\n **    7 **SET ERR         0.5\n **********\n **********\n **    8 **SET PRINT           1\n **********\n **********\n **    9 **HESSE        5000\n **********\n COVARIANCE MATRIX CALCULATED SUCCESSFULLY\n FCN=-1.47834e+06 FROM HESSE     STATUS=OK            104 CALLS         381 TOTAL\n                     EDM=0.000342414    STRATEGY= 1      ERROR MATRIX ACCURATE \n  EXT PARAMETER                                INTERNAL      INTERNAL  \n  NO.   NAME      VALUE            ERROR       STEP SIZE       VALUE   \n   1  B            2.00037e+04   2.32351e+02   3.24041e-05  -1.56137e+00\n   2  B_1          6.05236e-01   6.75424e-03   4.71410e-03   2.12058e-01\n   3  B_2          6.74912e-11   6.09616e-04   4.12950e-02  -1.57078e+00\n                                 WARNING -   - ABOVE PARAMETER IS AT LIMIT.\n   4  B_3          4.59261e-10   2.22282e-03   7.21902e-02  -1.57075e+00\n                                 WARNING -   - ABOVE PARAMETER IS AT LIMIT.\n   5  B_4          3.38798e-01   9.96147e-03   6.83916e-03  -3.28268e-01\n   6  S            9.73632e+04   3.62410e+02   9.62607e-04  -9.00512e-01\n   7  S1_mean      5.27840e+00   6.72696e-05   5.54486e-04  -1.23184e-02\n   8  S1_sigma     1.40811e-02   1.55475e-04   2.64605e-03  -4.84854e-01\n   9  S2_frac      3.88848e-01   1.29320e-02   6.57211e-03  -2.24177e-01\n  10  S2_sigma     3.07687e-02   5.08422e-04   4.52356e-03  -3.56293e-01\n                               ERR DEF= 0.5\n EXTERNAL ERROR MATRIX.    NDIM=  25    NPAR= 10    ERR DEF=0.5\n  5.399e+04 -8.925e-01  2.806e-06  3.682e-05  1.385e+00 -3.397e+04 -1.870e-03 -1.084e-02  1.010e+00 -6.461e-02 \n -8.925e-01  4.562e-05 -1.949e-10 -1.476e-09 -5.977e-05  8.921e-01  8.438e-08  2.647e-07 -2.425e-05  1.589e-06 \n  2.806e-06 -1.949e-10  1.646e-13  2.129e-16  8.250e-12 -2.804e-06  6.575e-14 -6.004e-13  5.155e-11 -4.002e-12 \n  3.682e-05 -1.476e-09  2.129e-16  4.086e-12 -2.101e-09 -3.678e-05  7.993e-13 -4.567e-12  3.085e-10 -3.584e-11 \n  1.385e+00 -5.977e-05  8.250e-12 -2.101e-09  9.925e-05 -1.384e+00 -1.227e-07 -4.045e-07  3.701e-05 -2.443e-06 \n -3.397e+04  8.921e-01 -2.804e-06 -3.678e-05 -1.384e+00  1.313e+05  1.870e-03  1.085e-02 -1.012e+00  6.466e-02 \n -1.870e-03  8.438e-08  6.575e-14  7.993e-13 -1.227e-07  1.870e-03  4.525e-09  5.121e-10 -4.490e-08  3.204e-09 \n -1.084e-02  2.647e-07 -6.004e-13 -4.567e-12 -4.045e-07  1.085e-02  5.121e-10  2.417e-08 -1.798e-06  5.972e-08 \n  1.010e+00 -2.425e-05  5.155e-11  3.085e-10  3.701e-05 -1.012e+00 -4.490e-08 -1.798e-06  1.673e-04 -5.795e-06 \n -6.461e-02  1.589e-06 -4.002e-12 -3.584e-11 -2.443e-06  6.466e-02  3.204e-09  5.972e-08 -5.795e-06  2.585e-07 \n PARAMETER  CORRELATION COEFFICIENTS  \n       NO.  GLOBAL      1      2      3      4      5      6      7      8      9     10\n        1  0.70942   1.000 -0.569  0.030  0.078  0.598 -0.403 -0.120 -0.300  0.336 -0.547\n        2  0.91398  -0.569  1.000 -0.071 -0.108 -0.888  0.364  0.186  0.252 -0.278  0.463\n        3  0.17180   0.030 -0.071  1.000  0.000  0.002 -0.019  0.002 -0.010  0.010 -0.019\n        4  0.47760   0.078 -0.108  0.000  1.000 -0.104 -0.050  0.006 -0.015  0.012 -0.035\n        5  0.92248   0.598 -0.888  0.002 -0.104  1.000 -0.383 -0.183 -0.261  0.287 -0.482\n        6  0.46678  -0.403  0.364 -0.019 -0.050 -0.383  1.000  0.077  0.193 -0.216  0.351\n        7  0.19107  -0.120  0.186  0.002  0.006 -0.183  0.077  1.000  0.049 -0.052  0.094\n        8  0.89838  -0.300  0.252 -0.010 -0.015 -0.261  0.193  0.049  1.000 -0.894  0.755\n        9  0.95549   0.336 -0.278  0.010  0.012  0.287 -0.216 -0.052 -0.894  1.000 -0.881\n       10  0.93194  -0.547  0.463 -0.019 -0.035 -0.482  0.351  0.094  0.755 -0.881  1.000\n **********\n **    1 **SET PRINT           1\n **********\n **********\n **    2 **SET NOGRAD\n **********\n PARAMETER DEFINITIONS:\n    NO.   NAME         VALUE      STEP SIZE      LIMITS\n     1 B            1.67545e+04  5.85645e+01    1.00000e+00  9.00000e+08\n MINUIT WARNING IN PARAM DEF\n ============== LIMITS ON PARAM1 TOO FAR APART.\n PARAMETER DEFINITIONS:\n    NO.   NAME         VALUE      STEP SIZE      LIMITS\n     2 B_1          6.09899e-01  1.29555e-02    0.00000e+00  1.00000e+00\n     3 B_2          3.47741e-09  1.06739e-04    0.00000e+00  1.00000e+00\n MINUIT WARNING IN PARAMETR\n ============== VARIABLE3 IS AT ITS LOWER ALLOWED LIMIT.\n MINUIT WARNING IN PARAMETR\n ============== VARIABLE3 BROUGHT BACK INSIDE LIMITS.\n     4 B_3          9.17522e-09  5.33264e-03    0.00000e+00  1.00000e+00\n MINUIT WARNING IN PARAMETR\n ============== VARIABLE4 IS AT ITS LOWER ALLOWED LIMIT.\n MINUIT WARNING IN PARAMETR\n ============== VARIABLE4 BROUGHT BACK INSIDE LIMITS.\n     5 B_4          3.31506e-01  2.56890e-02    0.00000e+00  1.00000e+00\n     6 S            8.46466e+04  1.15159e+02    4.00000e+00  9.00000e+05\n     7 S1_mean      5.27839e+00  2.73801e-05    5.17963e+00  5.37963e+00\n     8 S1_sigma     1.62478e-02  2.52122e-05    1.00000e-03  5.00000e-02\n     9 S2_frac      2.00000e-01  1.00000e-01    0.00000e+00  1.00000e+00\n    10 S2_sigma     3.88226e-02  1.51693e-04    7.00000e-03  8.00000e-02\n **********\n **    3 **SET ERR         0.5\n **********\n **********\n **    4 **SET PRINT           1\n **********\n **********\n **    5 **SET STR           1\n **********\n NOW USING STRATEGY  1: TRY TO BALANCE SPEED AGAINST RELIABILITY\n **********\n **    6 **MIGRAD        5000           1\n **********\n FIRST CALL TO USER FUNCTION AT NEW START POINT, WITH IFLAG=4.\n MINUIT WARNING IN MIGrad    \n ============== VARIABLE3 IS AT ITS LOWER ALLOWED LIMIT.\n MINUIT WARNING IN MIGrad    \n ============== VARIABLE4 IS AT ITS LOWER ALLOWED LIMIT.\n START MIGRAD MINIMIZATION.  STRATEGY  1.  CONVERGENCE WHEN EDM .LT. 1.00e-03\n FCN=-1.26328e+06 FROM MIGRAD    STATUS=INITIATE       42 CALLS          43 TOTAL\n                     EDM= unknown      STRATEGY= 1      NO ERROR MATRIX       \n  EXT PARAMETER               CURRENT GUESS       STEP         FIRST   \n  NO.   NAME      VALUE            ERROR          SIZE      DERIVATIVE \n   1  B            1.67545e+04   5.85645e+01   1.50822e-05  -1.15588e+01\n   2  B_1          6.09899e-01   1.29555e-02   2.65641e-02  -6.11512e-01\n   3  B_2          9.53674e-07   1.06739e-04   9.40111e-03   7.21695e-01\n   4  B_3          9.53674e-07   5.33264e-03   7.21199e-02   3.25177e-01\n   5  B_4          3.31506e-01   2.56890e-02   5.46075e-02  -1.88824e-01\n   6  S            8.46466e+04   1.15159e+02   4.38360e-04   3.26409e-01\n   7  S1_mean      5.27839e+00   2.73801e-05   2.73822e-04   9.08813e-02\n   8  S1_sigma     1.62478e-02   2.52122e-05   1.11137e-03  -1.18330e-03\n   9  S2_frac      2.00000e-01   1.00000e-01   2.57889e-01  -7.45609e+02\n  10  S2_sigma     3.88226e-02   1.51693e-04   4.19054e-03   1.93340e-02\n                               ERR DEF= 0.5\n MIGRAD MINIMIZATION HAS CONVERGED.\n FCN=-1.26343e+06 FROM MIGRAD    STATUS=CONVERGED     274 CALLS         275 TOTAL\n                     EDM=6.42015e-05    STRATEGY= 1  ERROR MATRIX UNCERTAINTY   2.8 per cent\n  EXT PARAMETER                                   STEP         FIRST   \n  NO.   NAME      VALUE            ERROR          SIZE      DERIVATIVE \n   1  B            1.70976e+04   1.99926e+02   6.86541e-07   1.55407e+01\n   2  B_1          6.03514e-01   5.84689e-03   1.25063e-04   7.35410e-01\n   3  B_2          1.27731e-13   6.95323e-04   1.29697e-04** at limit **\n   4  B_3          8.23941e-09   1.69285e-03  -1.00233e-04** at limit **\n   5  B_4          3.39602e-01   8.68941e-03   2.76020e-04   4.36213e-01\n   6  S            8.43024e+04   3.29127e+02   8.70007e-06  -3.43289e+00\n   7  S1_mean      5.27839e+00   7.20809e-05   3.97218e-07  -5.42053e-01\n   8  S1_sigma     1.39570e-02   1.50038e-04  -5.26000e-05  -1.66899e+00\n   9  S2_frac      3.94546e-01   1.30277e-02  -2.51959e-04  -4.73357e-01\n  10  S2_sigma     3.02654e-02   5.26322e-04  -2.01709e-05  -3.18663e-01\n                               ERR DEF= 0.5\n EXTERNAL ERROR MATRIX.    NDIM=  25    NPAR= 10    ERR DEF=0.5\n  3.997e+04 -5.509e-01 -1.832e-08 -5.503e-06  9.131e-01 -2.185e+04 -1.248e-03 -8.155e-03  8.151e-01 -5.153e-02 \n -5.509e-01  3.419e-05  1.541e-13 -4.975e-10 -4.381e-05  5.384e-01  6.223e-08  2.414e-07 -2.295e-05  1.263e-06 \n -1.832e-08  1.541e-13  3.553e-16 -1.251e-15 -2.562e-13 -1.900e-08 -1.528e-17  1.501e-14 -1.385e-12  7.469e-14 \n -5.503e-06 -4.975e-10 -1.251e-15  5.582e-11  5.793e-10 -3.946e-05 -5.882e-13 -9.181e-15 -8.920e-10  2.787e-11 \n  9.131e-01 -4.381e-05 -2.562e-13  5.793e-10  7.551e-05 -9.237e-01 -8.835e-08 -3.610e-07  3.358e-05 -1.941e-06 \n -2.185e+04  5.384e-01 -1.900e-08 -3.946e-05 -9.237e-01  1.083e+05  1.127e-03  1.019e-02 -1.022e+00  5.867e-02 \n -1.248e-03  6.223e-08 -1.528e-17 -5.882e-13 -8.835e-08  1.127e-03  5.196e-09  4.128e-10 -3.690e-08  2.401e-09 \n -8.155e-03  2.414e-07  1.501e-14 -9.181e-15 -3.610e-07  1.019e-02  4.128e-10  2.251e-08 -1.715e-06  5.951e-08 \n  8.151e-01 -2.295e-05 -1.385e-12 -8.920e-10  3.358e-05 -1.022e+00 -3.690e-08 -1.715e-06  1.698e-04 -6.109e-06 \n -5.153e-02  1.263e-06  7.469e-14  2.787e-11 -1.941e-06  5.867e-02  2.401e-09  5.951e-08 -6.109e-06  2.770e-07 \n PARAMETER  CORRELATION COEFFICIENTS  \n       NO.  GLOBAL      1      2      3      4      5      6      7      8      9     10\n        1  0.64278   1.000 -0.471 -0.005 -0.004  0.526 -0.332 -0.087 -0.272  0.313 -0.490\n        2  0.86427  -0.471  1.000  0.001 -0.011 -0.862  0.280  0.148  0.275 -0.301  0.410\n        3  0.01396  -0.005  0.001  1.000 -0.009 -0.002 -0.003 -0.000  0.005 -0.006  0.008\n        4  0.03221  -0.004 -0.011 -0.009  1.000  0.009 -0.016 -0.001 -0.000 -0.009  0.007\n        5  0.87563   0.526 -0.862 -0.002  0.009  1.000 -0.323 -0.141 -0.277  0.297 -0.424\n        6  0.41804  -0.332  0.280 -0.003 -0.016 -0.323  1.000  0.047  0.206 -0.238  0.339\n        7  0.15121  -0.087  0.148 -0.000 -0.001 -0.141  0.047  1.000  0.038 -0.039  0.063\n        8  0.88095  -0.272  0.275  0.005 -0.000 -0.277  0.206  0.038  1.000 -0.878  0.754\n        9  0.94954   0.313 -0.301 -0.006 -0.009  0.297 -0.238 -0.039 -0.878  1.000 -0.891\n       10  0.92466  -0.490  0.410  0.008  0.007 -0.424  0.339  0.063  0.754 -0.891  1.000\n **********\n **    7 **SET ERR         0.5\n **********\n **********\n **    8 **SET PRINT           1\n **********\n **********\n **    9 **HESSE        5000\n **********\n COVARIANCE MATRIX CALCULATED SUCCESSFULLY\n FCN=-1.26343e+06 FROM HESSE     STATUS=OK            102 CALLS         377 TOTAL\n                     EDM=0.000272148    STRATEGY= 1      ERROR MATRIX ACCURATE \n  EXT PARAMETER                                INTERNAL      INTERNAL  \n  NO.   NAME      VALUE            ERROR       STEP SIZE       VALUE   \n   1  B            1.70976e+04   2.12617e+02   2.99162e-05  -1.56208e+00\n   2  B_1          6.03514e-01   7.22349e-03   4.71285e-03   2.08536e-01\n   3  B_2          1.27731e-13   6.60247e-04   3.97426e-02  -1.57080e+00\n                                 WARNING -   - ABOVE PARAMETER IS AT LIMIT.\n   4  B_3          8.23941e-09   2.42785e-03   7.03463e-02  -1.57098e+00\n                                 WARNING -   - ABOVE PARAMETER IS AT LIMIT.\n   5  B_4          3.39602e-01   1.06360e-02   6.82501e-03  -3.26571e-01\n   6  S            8.43024e+04   3.35272e+02   8.82243e-04  -9.48718e-01\n   7  S1_mean      5.27839e+00   7.17815e-05   5.47074e-04  -1.23561e-02\n   8  S1_sigma     1.39570e-02   1.70604e-04   2.64108e-03  -4.90585e-01\n   9  S2_frac      3.94546e-01   1.43858e-02   6.56635e-03  -2.12504e-01\n  10  S2_sigma     3.02654e-02   5.38126e-04   4.37743e-03  -3.71047e-01\n                               ERR DEF= 0.5\n EXTERNAL ERROR MATRIX.    NDIM=  25    NPAR= 10    ERR DEF=0.5\n  4.521e+04 -8.626e-01  1.055e-07  1.398e-04  1.343e+00 -2.810e+04 -1.829e-03 -1.106e-02  1.051e+00 -6.229e-02 \n -8.626e-01  5.218e-05 -8.722e-12 -6.566e-09 -6.830e-05  8.622e-01  9.582e-08  3.181e-07 -2.982e-05  1.800e-06 \n  1.055e-07 -8.722e-12  3.374e-16  2.570e-17  2.231e-13 -1.054e-07  2.955e-15 -2.773e-14  2.447e-12 -1.743e-13 \n  1.398e-04 -6.566e-09  2.570e-17  8.008e-11 -9.439e-09 -1.396e-04  3.391e-12 -2.196e-11  1.592e-09 -1.601e-10 \n  1.343e+00 -6.830e-05  2.231e-13 -9.439e-09  1.131e-04 -1.342e+00 -1.390e-07 -4.867e-07  4.554e-05 -2.772e-06 \n -2.810e+04  8.622e-01 -1.054e-07 -1.396e-04 -1.342e+00  1.124e+05  1.828e-03  1.107e-02 -1.053e+00  6.234e-02 \n -1.829e-03  9.582e-08  2.955e-15  3.391e-12 -1.390e-07  1.828e-03  5.153e-09  6.214e-10 -5.677e-08  3.715e-09 \n -1.106e-02  3.181e-07 -2.773e-14 -2.196e-11 -4.867e-07  1.107e-02  6.214e-10  2.911e-08 -2.204e-06  7.003e-08 \n  1.051e+00 -2.982e-05  2.447e-12  1.592e-09  4.554e-05 -1.053e+00 -5.677e-08 -2.204e-06  2.070e-04 -6.870e-06 \n -6.229e-02  1.800e-06 -1.743e-13 -1.601e-10 -2.772e-06  6.234e-02  3.715e-09  7.003e-08 -6.870e-06  2.896e-07 \n PARAMETER  CORRELATION COEFFICIENTS  \n       NO.  GLOBAL      1      2      3      4      5      6      7      8      9     10\n        1  0.70309   1.000 -0.562  0.027  0.073  0.594 -0.394 -0.120 -0.305  0.344 -0.544\n        2  0.91179  -0.562  1.000 -0.066 -0.102 -0.889  0.356  0.185  0.258 -0.287  0.463\n        3  0.15888   0.027 -0.066  1.000  0.000  0.001 -0.017  0.002 -0.009  0.009 -0.018\n        4  0.45245   0.073 -0.102  0.000  1.000 -0.099 -0.047  0.005 -0.014  0.012 -0.033\n        5  0.92055   0.594 -0.889  0.001 -0.099  1.000 -0.376 -0.182 -0.268  0.298 -0.484\n        6  0.45786  -0.394  0.356 -0.017 -0.047 -0.376  1.000  0.076  0.194 -0.218  0.345\n        7  0.19020  -0.120  0.185  0.002  0.005 -0.182  0.076  1.000  0.051 -0.055  0.096\n        8  0.90240  -0.305  0.258 -0.009 -0.014 -0.268  0.194  0.051  1.000 -0.898  0.763\n        9  0.95782   0.344 -0.287  0.009  0.012  0.298 -0.218 -0.055 -0.898  1.000 -0.887\n       10  0.93430  -0.544  0.463 -0.018 -0.033 -0.484  0.345  0.096  0.763 -0.887  1.000\n **********\n **    1 **SET PRINT           1\n **********\n **********\n **    2 **SET NOGRAD\n **********\n PARAMETER DEFINITIONS:\n    NO.   NAME         VALUE      STEP SIZE      LIMITS\n     1 B            1.41059e+04  5.36029e+01    1.00000e+00  9.00000e+08\n MINUIT WARNING IN PARAM DEF\n ============== LIMITS ON PARAM1 TOO FAR APART.\n PARAMETER DEFINITIONS:\n    NO.   NAME         VALUE      STEP SIZE      LIMITS\n     2 B_1          6.11434e-01  1.40895e-02    0.00000e+00  1.00000e+00\n     3 B_2          9.75002e-09  1.21924e-04    0.00000e+00  1.00000e+00\n MINUIT WARNING IN PARAMETR\n ============== VARIABLE3 IS AT ITS LOWER ALLOWED LIMIT.\n MINUIT WARNING IN PARAMETR\n ============== VARIABLE3 BROUGHT BACK INSIDE LIMITS.\n     4 B_3          6.16618e-09  6.27560e-03    0.00000e+00  1.00000e+00\n MINUIT WARNING IN PARAMETR\n ============== VARIABLE4 IS AT ITS LOWER ALLOWED LIMIT.\n MINUIT WARNING IN PARAMETR\n ============== VARIABLE4 BROUGHT BACK INSIDE LIMITS.\n     5 B_4          3.29976e-01  2.78714e-02    0.00000e+00  1.00000e+00\n     6 S            7.23571e+04  1.06139e+02    4.00000e+00  9.00000e+05\n     7 S1_mean      5.27841e+00  2.93922e-05    5.17963e+00  5.37963e+00\n     8 S1_sigma     1.61761e-02  2.70052e-05    1.00000e-03  5.00000e-02\n     9 S2_frac      2.00000e-01  1.00000e-01    0.00000e+00  1.00000e+00\n    10 S2_sigma     3.88038e-02  1.62657e-04    7.00000e-03  8.00000e-02\n **********\n **    3 **SET ERR         0.5\n **********\n **********\n **    4 **SET PRINT           1\n **********\n **********\n **    5 **SET STR           1\n **********\n NOW USING STRATEGY  1: TRY TO BALANCE SPEED AGAINST RELIABILITY\n **********\n **    6 **MIGRAD        5000           1\n **********\n FIRST CALL TO USER FUNCTION AT NEW START POINT, WITH IFLAG=4.\n MINUIT WARNING IN MIGrad    \n ============== VARIABLE3 IS AT ITS LOWER ALLOWED LIMIT.\n MINUIT WARNING IN MIGrad    \n ============== VARIABLE4 IS AT ITS LOWER ALLOWED LIMIT.\n START MIGRAD MINIMIZATION.  STRATEGY  1.  CONVERGENCE WHEN EDM .LT. 1.00e-03\n FCN=-1.06401e+06 FROM MIGRAD    STATUS=INITIATE       40 CALLS          41 TOTAL\n                     EDM= unknown      STRATEGY= 1      NO ERROR MATRIX       \n  EXT PARAMETER               CURRENT GUESS       STEP         FIRST   \n  NO.   NAME      VALUE            ERROR          SIZE      DERIVATIVE \n   1  B            1.41059e+04   5.36029e+01   1.50448e-05   7.48798e-01\n   2  B_1          6.11434e-01   1.40895e-02   2.89107e-02  -5.20482e-01\n   3  B_2          9.53674e-07   1.21924e-04   1.01087e-02   6.26528e-01\n   4  B_3          9.53674e-07   6.27560e-03   7.83313e-02   2.66039e-01\n   5  B_4          3.29976e-01   2.78714e-02   5.93235e-02  -2.97174e-01\n   6  S            7.23571e+04   1.06139e+02   4.33734e-04  -1.56912e-01\n   7  S1_mean      5.27841e+00   2.93922e-05   2.93944e-04   1.80664e-01\n   8  S1_sigma     1.61761e-02   2.70052e-05   1.19195e-03  -2.31972e-01\n   9  S2_frac      2.00000e-01  